60176.895828 2064138593.000000 0.134017 8049
60176.895839 2064138591.000000 0.116877 8049
60176.895851 2064138587.000000 0.083711 8049
60176.895862 2064138583.000000 0.098234 8049
60176.895874 2064138600.000000 0.056436 8049
60176.895885 2064138596.000000 0.074617 8049
60176.895897 2064138578.000000 0.085072 8049
60176.895909 2064138576.000000 0.043416 8049
60176.895920 2064138583.000000 0.088357 8049
60176.895932 2064138577.000000 0.046462 8049
60176.895943 2064138570.000000 0.106886 8049
60176.895955 2064138577.000000 0.076598 8049
60176.895966 2064138580.000000 0.063689 8049
60176.895978 2064138582.000000 0.074469 8049
60176.895990 2064138573.000000 0.081664 8049
60176.896001 2064138569.000000 0.059485 8049
60176.896013 2064138566.000000 0.046749 8049
60176.896024 2064138565.000000 0.060462 8049
60176.896036 2064138556.000000 0.069374 8049
60176.896047 2064138547.000000 0.057989 8049
60176.896059 2064138552.000000 0.080913 8049
60176.896071 2064138543.000000 0.116136 8049
60176.896082 2064138555.000000 0.052766 8049
60176.896094 2064138540.000000 0.126597 8049
60176.896105 2064138550.000000 0.081427 8049
60176.896117 2064138539.000000 0.091608 8049
60176.896128 2064138538.000000 0.034785 8049
60176.896140 2064138543.000000 0.066345 8049
60176.896152 2064138527.000000 0.131836 8049
60176.896163 2064138530.000000 0.036694 8049
60176.896175 2064138530.000000 0.073863 8049
60176.896186 2064138520.000000 0.108713 8049
60176.896198 2064138521.000000 0.060829 8049
60176.896209 2064138526.000000 0.064640 8049
60176.896221 2064138529.000000 0.040619 8049
60176.896233 2064138518.000000 0.109730 8049
60176.896244 2064138514.000000 0.052729 8049
60176.896256 2064138509.000000 0.108458 8049
60176.896267 2064138504.000000 0.116830 8049
60176.896279 2064138502.000000 0.077035 8049
60176.896291 2064138500.000000 0.095279 8049
60176.896302 2064138505.000000 0.110447 8049
60176.896314 2064138499.000000 0.081342 8049
60176.896325 2064138505.000000 0.103132 8049
60176.896337 2064138489.000000 0.176505 8049
60176.896348 2064138484.000000 0.141687 8049
60176.896360 2064138498.000000 0.100074 8049
60176.896372 2064138493.000000 0.152165 8049
60176.896383 2064138478.000000 0.140120 8049
60176.896395 2064138475.000000 0.069333 8049
60176.896406 2064138492.000000 0.103646 8049
60176.896418 2064138470.000000 0.069039 8049
60176.896429 2064138472.000000 0.076935 8049
60176.896441 2064138480.000000 0.099475 8049
60176.896453 2064138465.000000 0.138599 8049
60176.896464 2064138464.000000 0.042497 8049
60176.896476 2064138465.000000 0.096770 8049
60176.896487 2064138459.000000 0.114277 8049
60176.896499 2064138468.000000 0.083518 8049
60176.896510 2064138453.000000 0.043373 8049
60176.896522 2064138450.000000 0.072445 8049
60176.896534 2064138450.000000 0.094833 8049
60176.896545 2064138449.000000 0.125280 8049
60176.896557 2064138443.000000 0.127438 8049
60176.896568 2064138455.000000 0.157376 8049
60176.896580 2064138440.000000 0.083216 8049
60176.896591 2064138439.000000 0.152363 8049
60176.896603 2064138438.000000 0.069686 8049
60176.896615 2064138438.000000 0.057856 8049
60176.896626 2064138431.000000 0.136912 8049
60176.896638 2064138451.000000 0.062593 8049
60176.896649 2064138431.000000 0.101603 8049
60176.896661 2064138439.000000 0.084723 8049
60176.896672 2064138426.000000 0.113138 8049
60176.896684 2064138423.000000 0.108188 8049
60176.896696 2064138421.000000 0.121159 8049
60176.896707 2064138419.000000 0.071994 8049
60176.896719 2064138415.000000 0.116845 8049
60176.896730 2064138418.000000 0.097804 8049
60176.896742 2064138416.000000 0.158896 8049
60176.896753 2064138410.000000 0.059300 8049
60176.896765 2064138406.000000 0.066796 8049
60176.896777 2064138420.000000 0.070129 8049
60176.896788 2064138408.000000 0.116074 8049
60176.896800 2064138400.000000 0.094390 8049
60176.896811 2064138399.000000 0.090426 8049
60176.896823 2064138410.000000 0.137154 8049
60176.896834 2064138396.000000 0.071655 8049
60176.896846 2064138399.000000 0.084224 8049
60176.896858 2064138395.000000 0.157660 8049
60176.896869 2064138397.000000 0.064302 8049
60176.896881 2064138398.000000 0.069484 8049
60176.896892 2064138392.000000 0.161504 8049
60176.896904 2064138383.000000 0.081778 8049
60176.896916 2064138386.000000 0.080541 8049
60176.896927 2064138380.000000 0.129543 8049
60176.896939 2064138392.000000 0.077182 8049
60176.896950 2064138377.000000 0.162712 8049
60176.896962 2064138380.000000 0.115946 8049
60176.896973 2064138382.000000 0.083872 8049
60176.896985 2064138373.000000 0.061729 8049
60176.896997 2064138382.000000 0.060611 8049
60176.897008 2064138388.000000 0.061257 8049
60176.897020 2064138373.000000 0.075608 8049
60176.897031 2064138378.000000 0.106731 8049
60176.897043 2064138359.000000 0.176376 8049
60176.897054 2064138363.000000 0.079710 8049
60176.897066 2064138359.000000 0.068544 8049
60176.897078 2064138359.000000 0.095869 8049
60176.897089 2064138360.000000 0.215634 8049
60176.897101 2064138351.000000 0.084454 8049
60176.897112 2064138357.000000 0.061388 8049
60176.897124 2064138362.000000 0.142590 8049
60176.897135 2064138352.000000 0.074280 8049
60176.897147 2064138349.000000 0.073965 8049
60176.897159 2064138340.000000 0.163345 8049
60176.897170 2064138354.000000 0.089290 8049
60176.897182 2064138336.000000 0.158271 8049
60176.897193 2064138346.000000 0.109135 8049
60176.897205 2064138339.000000 0.110041 8049
60176.897216 2064138333.000000 0.068507 8049
60176.897228 2064138336.000000 0.198655 8049
60176.897240 2064138337.000000 0.099913 8049
60176.897251 2064138335.000000 0.046071 8049
60176.897263 2064138332.000000 0.041897 8049
60176.897274 2064138320.000000 0.086728 8049
60176.897286 2064138321.000000 0.077610 8049
60176.897297 2064138314.000000 0.057476 8049
60176.897309 2064138319.000000 0.124777 8049
60176.897321 2064138318.000000 0.106135 8049
60176.897332 2064138309.000000 0.096244 8049
60176.897344 2064138326.000000 0.101799 8049
60176.897355 2064138313.000000 0.060943 8049
60176.897367 2064138306.000000 0.082199 8049
60176.897378 2064138305.000000 0.048872 8049
60176.897390 2064138306.000000 0.084319 8049
60176.897402 2064138297.000000 0.107807 8049
60176.897413 2064138295.000000 0.077289 8049
60176.897425 2064138311.000000 0.065154 8049
60176.897436 2064138291.000000 0.093680 8049
60176.897448 2064138296.000000 0.087073 8049
60176.897459 2064138288.000000 0.052678 8049
60176.897471 2064138295.000000 0.082267 8049
60176.897483 2064138286.000000 0.075113 8049
60176.897494 2064138301.000000 0.038836 8049
60176.897506 2064138288.000000 0.098806 8049
60176.897517 2064138285.000000 0.088316 8049
60176.897529 2064138279.000000 0.070280 8049
60176.897541 2064138280.000000 0.050915 8049
60176.897552 2064138278.000000 0.100877 8049
60176.897564 2064138272.000000 0.132946 8049
60176.897575 2064138283.000000 0.048981 8049
60176.897587 2064138268.000000 0.071347 8049
60176.897598 2064138269.000000 0.115237 8049
60176.897610 2064138270.000000 0.141409 8049
60176.897622 2064138259.000000 0.089767 8049
60176.897633 2064138257.000000 0.114466 8049
60176.897645 2064138263.000000 0.148653 8049
60176.897656 2064138267.000000 0.063634 8049
60176.897668 2064138253.000000 0.122503 8049
60176.897679 2064138257.000000 0.134119 8049
60176.897691 2064138249.000000 0.076632 8049
60176.897703 2064138249.000000 0.122450 8049
60176.897714 2064138253.000000 0.050862 8049
60176.897726 2064138244.000000 0.082754 8049
60176.897737 2064138241.000000 0.103248 8049
60176.897749 2064138246.000000 0.172771 8049
60176.897760 2064138247.000000 0.118024 8049
60176.897772 2064138233.000000 0.172946 8049
60176.897784 2064138242.000000 0.087523 8049
60176.897795 2064138250.000000 0.065905 8049
60176.897807 2064138243.000000 0.048487 8049
60176.897818 2064138241.000000 0.117572 8049
60176.897830 2064138225.000000 0.192800 8049
60176.897841 2064138234.000000 0.059690 8049
60176.897853 2064138222.000000 0.065679 8049
60176.897865 2064138228.000000 0.061889 8049
60176.897876 2064138237.000000 0.074779 8049
60176.897888 2064138214.000000 0.125407 8049
60176.897899 2064138229.000000 0.105975 8049
60176.897911 2064138220.000000 0.094776 8049
60176.897922 2064138213.000000 0.137266 8049
60176.897934 2064138207.000000 0.124058 8049
60176.897946 2064138224.000000 0.066363 8049
60176.897957 2064138219.000000 0.075355 8049
60176.897969 2064138210.000000 0.111464 8049
60176.897980 2064138212.000000 0.065894 8049
60176.897992 2064138197.000000 0.108777 8049
60176.898003 2064138206.000000 0.070997 8049
60176.898015 2064138212.000000 0.024954 8049
60176.898027 2064138190.000000 0.085071 8049
60176.898038 2064138201.000000 0.073143 8049
60176.898050 2064138187.000000 0.079950 8049
60176.898061 2064138195.000000 0.132570 8049
60176.898073 2064138185.000000 0.094388 8049
60176.898084 2064138189.000000 0.049443 8049
60176.898096 2064138188.000000 0.081061 8049
60176.898108 2064138178.000000 0.053966 8049
60176.898119 2064138188.000000 0.090934 8049
60176.898131 2064138177.000000 0.061755 8049
60176.898142 2064138172.000000 0.076457 8049
60176.898154 2064138176.000000 0.049805 8049
60176.898166 2064138166.000000 0.077716 8049
60176.898177 2064138164.000000 0.074146 8049
60176.898189 2064138164.000000 0.062783 8049
60176.898200 2064138161.000000 0.133329 8049
60176.898212 2064138163.000000 0.132157 8049
60176.898223 2064138171.000000 0.086249 8049
60176.898235 2064138160.000000 0.100336 8049
60176.898247 2064138159.000000 0.082441 8049
60176.898258 2064138168.000000 0.123157 8049
60176.898270 2064138151.000000 0.167833 8049
60176.898281 2064138147.000000 0.076301 8049
60176.898293 2064138153.000000 0.073053 8049
60176.898304 2064138143.000000 0.099525 8049
60176.898316 2064138141.000000 0.077247 8049
60176.898328 2064138143.000000 0.046674 8049
60176.898339 2064138145.000000 0.063270 8049
60176.898351 2064138139.000000 0.078719 8049
60176.898362 2064138144.000000 0.034038 8049
60176.898374 2064138152.000000 0.056708 8049
60176.898385 2064138145.000000 0.032212 8049
60176.898397 2064138129.000000 0.150950 8049
60176.898409 2064138127.000000 0.028330 8049
60176.898420 2064138126.000000 0.094389 8049
60176.898432 2064138127.000000 0.053602 8049
60176.898443 2064138124.000000 0.050765 8049
60176.898455 2064138119.000000 0.073780 8049
60176.898466 2064138120.000000 0.071375 8049
60176.898478 2064138119.000000 0.055968 8049
60176.898490 2064138118.000000 0.083376 8049
60176.898501 2064138126.000000 0.079068 8049
60176.898513 2064138114.000000 0.082870 8049
60176.898524 2064138111.000000 0.095075 8049
60176.898536 2064138106.000000 0.156326 8049
60176.898547 2064138103.000000 0.061436 8049
60176.898559 2064138101.000000 0.156093 8049
60176.898571 2064138105.000000 0.076242 8049
60176.898582 2064138108.000000 0.063998 8049
60176.898594 2064138095.000000 0.049024 8049
60176.898605 2064138090.000000 0.058299 8049
60176.898617 2064138090.000000 0.063566 8049
60176.898628 2064138093.000000 0.045239 8049
60176.898640 2064138095.000000 0.079397 8049
60176.898652 2064138099.000000 0.048570 8049
60176.898663 2064138083.000000 0.108985 8049
60176.898675 2064138080.000000 0.066366 8049
60176.898686 2064138091.000000 0.103079 8049
60176.898698 2064138081.000000 0.080219 8049
60176.898709 2064138088.000000 0.080980 8049
60176.898721 2064138071.000000 0.057424 8049
60176.898733 2064138075.000000 0.064405 8049
60176.898744 2064138073.000000 0.183388 8049
60176.898756 2064138085.000000 0.062357 8049
60176.898767 2064138063.000000 0.061059 8049
60176.898779 2064138064.000000 0.065131 8049
60176.898791 2064138081.000000 0.046417 8049
60176.898802 2064138080.000000 0.037715 8049
60176.898814 2064138066.000000 0.054794 8049
60176.898825 2064138063.000000 0.089702 8049
60176.898837 2064138062.000000 0.092265 8049
60176.898848 2064138067.000000 0.043443 8049
60176.898860 2064138055.000000 0.101897 8049
60176.898872 2064138063.000000 0.089791 8049
60176.898883 2064138049.000000 0.047922 8049
60176.898895 2064138048.000000 0.129928 8049
60176.898906 2064138045.000000 0.080507 8049
60176.898918 2064138051.000000 0.073671 8049
60176.898929 2064138058.000000 0.062272 8049
60176.898941 2064138051.000000 0.119580 8049
60176.898953 2064138042.000000 0.111569 8049
60176.898964 2064138039.000000 0.112821 8049
60176.898976 2064138053.000000 0.035752 8049
60176.898987 2064138038.000000 0.119897 8049
60176.898999 2064138041.000000 0.043700 8049
60176.899010 2064138044.000000 0.095768 8049
60176.899022 2064138036.000000 0.116449 8049
60176.899034 2064138030.000000 0.110734 8049
60176.899045 2064138037.000000 0.082529 8049
60176.899057 2064138029.000000 0.087097 8049
60176.899068 2064138042.000000 0.057727 8049
60176.899080 2064138026.000000 0.090173 8049
60176.899091 2064138039.000000 0.061522 8049
60176.899103 2064138018.000000 0.068067 8049
60176.899115 2064138023.000000 0.107431 8049
60176.899126 2064138017.000000 0.085164 8049
60176.899138 2064138021.000000 0.079583 8049
60176.899149 2064138014.000000 0.103276 8049
60176.899161 2064138017.000000 0.105403 8049
60176.899172 2064138015.000000 0.062546 8049
60176.899184 2064138018.000000 0.074130 8049
60176.899196 2064138016.000000 0.094767 8049
60176.899207 2064138006.000000 0.050131 8049
60176.899219 2064138014.000000 0.109811 8049
60176.899230 2064138004.000000 0.177747 8049
60176.899242 2064138003.000000 0.069761 8049
60176.899253 2064138010.000000 0.074452 8049
60176.899265 2064137999.000000 0.079355 8049
60176.899277 2064137997.000000 0.065601 8049
60176.899288 2064137999.000000 0.122089 8049
60176.899300 2064137993.000000 0.130029 8049
60176.899311 2064137995.000000 0.132451 8049
60176.899323 2064137997.000000 0.106797 8049
60176.899334 2064137998.000000 0.078809 8049
60176.899346 2064138000.000000 0.068053 8049
60176.899358 2064137999.000000 0.054476 8049
60176.899369 2064137985.000000 0.083644 8049
60176.899381 2064137981.000000 0.075751 8049
60176.899392 2064137993.000000 0.048387 8049
60176.899404 2064137990.000000 0.063996 8049
60176.899416 2064137993.000000 0.104487 8049
60176.899427 2064137982.000000 0.059014 8049
60176.899439 2064137975.000000 0.079382 8049
60176.899450 2064137979.000000 0.143174 8049
60176.899462 2064137973.000000 0.057067 8049
60176.899473 2064137971.000000 0.088828 8049
60176.899485 2064137970.000000 0.125216 8049
60176.899497 2064137966.000000 0.177301 8049
60176.899508 2064137974.000000 0.141722 8049
60176.899520 2064137963.000000 0.097070 8049
60176.899531 2064137965.000000 0.071483 8049
60176.899543 2064137962.000000 0.080980 8049
60176.899554 2064137968.000000 0.173705 8049
60176.899566 2064137961.000000 0.061533 8049
60176.899578 2064137957.000000 0.049291 8049
60176.899589 2064137958.000000 0.137829 8049
60176.899601 2064137950.000000 0.067048 8049
60176.899612 2064137951.000000 0.112169 8049
60176.899624 2064137950.000000 0.064994 8049
60176.899635 2064137959.000000 0.083460 8049
60176.899647 2064137948.000000 0.086613 8049
60176.899659 2064137945.000000 0.167910 8049
60176.899670 2064137940.000000 0.039911 8049
60176.899682 2064137941.000000 0.097524 8049
60176.899693 2064137942.000000 0.079451 8049
60176.899705 2064137938.000000 0.095221 8049
60176.899716 2064137949.000000 0.141689 8049
60176.899728 2064137950.000000 0.209384 8049
60176.899740 2064137936.000000 0.124508 8049
60176.899751 2064137948.000000 0.077021 8049
60176.899763 2064137935.000000 0.066607 8049
60176.899774 2064137931.000000 0.085626 8049
60176.899786 2064137940.000000 0.070993 8049
60176.899797 2064137926.000000 0.294379 8049
60176.899809 2064137925.000000 0.122717 8049
60176.899821 2064137925.000000 0.161344 8049
60176.899832 2064137924.000000 0.126651 8049
60176.899844 2064137920.000000 0.074843 8049
60176.899855 2064137918.000000 0.065444 8049
60176.899867 2064137920.000000 0.073401 8049
60176.899878 2064137924.000000 0.146792 8049
60176.899890 2064137928.000000 0.077328 8049
60176.899902 2064137916.000000 0.078969 8049
60176.899913 2064137921.000000 0.031786 8049
60176.899925 2064137925.000000 0.082078 8049
60176.899936 2064137910.000000 0.102665 8049
60176.899948 2064137915.000000 0.107367 8049
60176.899959 2064137907.000000 0.151094 8049
60176.899971 2064137912.000000 0.129893 8049
60176.899983 2064137912.000000 0.081614 8049
60176.899994 2064137900.000000 0.186752 8049
60176.900006 2064137896.000000 0.084309 8049
60176.900017 2064137898.000000 0.043128 8049
60176.900029 2064137900.000000 0.056351 8049
60176.900041 2064137904.000000 0.082648 8049
60176.900052 2064137898.000000 0.136623 8049
60176.900064 2064137899.000000 0.087746 8049
60176.900075 2064137896.000000 0.073870 8049
60176.900087 2064137891.000000 0.037826 8049
60176.900098 2064137886.000000 0.126577 8049
60176.900110 2064137886.000000 0.235601 8049
60176.900122 2064137881.000000 0.111401 8049
60176.900133 2064137879.000000 0.080501 8049
60176.900145 2064137891.000000 0.148251 8049
60176.900156 2064137878.000000 0.156751 8049
60176.900168 2064137885.000000 0.045900 8049
60176.900179 2064137891.000000 0.075913 8049
60176.900191 2064137876.000000 0.086685 8049
60176.900203 2064137873.000000 0.146440 8049
60176.900214 2064137878.000000 0.047780 8049
60176.900226 2064137875.000000 0.113337 8049
60176.900237 2064137884.000000 0.059568 8049
60176.900249 2064137868.000000 0.051387 8049
60176.900260 2064137865.000000 0.109005 8049
60176.900272 2064137860.000000 0.058058 8049
60176.900284 2064137860.000000 0.089259 8049
60176.900295 2064137873.000000 0.077525 8049
60176.900307 2064137856.000000 0.141325 8049
60176.900318 2064137856.000000 0.082457 8049
60176.900330 2064137852.000000 0.101849 8049
60176.900341 2064137851.000000 0.079358 8049
60176.900353 2064137862.000000 0.092046 8049
60176.900365 2064137848.000000 0.092639 8049
60176.900376 2064137857.000000 0.125744 8049
60176.900388 2064137845.000000 0.141016 8049
60176.900399 2064137848.000000 0.127843 8049
60176.900411 2064137852.000000 0.140359 8049
60176.900422 2064137842.000000 0.086348 8049
60176.900434 2064137846.000000 0.053536 8049
60176.900446 2064137855.000000 0.099512 8049
60176.900457 2064137835.000000 0.121361 8049
60176.900469 2064137839.000000 0.059616 8049
60176.900480 2064137832.000000 0.071348 8049
60176.900492 2064137848.000000 0.064054 8049
60176.900503 2064137832.000000 0.147106 8049
60176.900515 2064137839.000000 0.060256 8049
60176.900527 2064137841.000000 0.148415 8049
60176.900538 2064137837.000000 0.110880 8049
60176.900550 2064137826.000000 0.112735 8049
60176.900561 2064137821.000000 0.098414 8049
60176.900573 2064137824.000000 0.074158 8049
60176.900584 2064137823.000000 0.190022 8049
60176.900596 2064137817.000000 0.107465 8049
60176.900608 2064137823.000000 0.093877 8049
60176.900619 2064137822.000000 0.140055 8049
60176.900631 2064137812.000000 0.125894 8049
60176.900642 2064137825.000000 0.097504 8049
60176.900654 2064137824.000000 0.057162 8049
60176.900666 2064137814.000000 0.062810 8049
60176.900677 2064137811.000000 0.151683 8049
60176.900689 2064137805.000000 0.057905 8049
60176.900700 2064137809.000000 0.107198 8049
60176.900712 2064137801.000000 0.085842 8049
60176.900723 2064137817.000000 0.092589 8049
60176.900735 2064137799.000000 0.111017 8049
60176.900747 2064137796.000000 0.080030 8049
60176.900758 2064137805.000000 0.056226 8049
60176.900770 2064137797.000000 0.127522 8049
60176.900781 2064137810.000000 0.045616 8049
60176.900793 2064137804.000000 0.091857 8049
60176.900804 2064137792.000000 0.042507 8049
60176.900816 2064137786.000000 0.067091 8049
60176.900828 2064137803.000000 0.084652 8049
60176.900839 2064137788.000000 0.122668 8049
60176.900851 2064137785.000000 0.096818 8049
60176.900862 2064137781.000000 0.103351 8049
60176.900874 2064137783.000000 0.089123 8049
60176.900885 2064137781.000000 0.056647 8049
60176.900897 2064137792.000000 0.106558 8049
60176.900909 2064137783.000000 0.060028 8049
60176.900920 2064137790.000000 0.065170 8049
60176.900932 2064137776.000000 0.080739 8049
60176.900943 2064137778.000000 0.197338 8049
60176.900955 2064137781.000000 0.080407 8049
60176.900966 2064137788.000000 0.081971 8049
60176.900978 2064137774.000000 0.153835 8049
60176.900990 2064137783.000000 0.045102 8049
60176.901001 2064137780.000000 0.111530 8049
60176.901013 2064137772.000000 0.045100 8049
60176.901024 2064137781.000000 0.068567 8049
60176.901036 2064137768.000000 0.124583 8049
60176.901047 2064137773.000000 0.056793 8049
60176.901059 2064137764.000000 0.101798 8049
60176.901071 2064137775.000000 0.064122 8049
60176.901082 2064137760.000000 0.083445 8049
60176.901094 2064137773.000000 0.086306 8049
60176.901105 2064137760.000000 0.074839 8049
60176.901117 2064137768.000000 0.090929 8049
60176.901128 2064137755.000000 0.083445 8049
60176.901140 2064137761.000000 0.079345 8049
60176.901152 2064137766.000000 0.069546 8049
60176.901163 2064137755.000000 0.092724 8049
60176.901175 2064137772.000000 0.076965 8049
60176.901186 2064137757.000000 0.049970 8049
60176.901198 2064137751.000000 0.021413 8049
60176.901209 2064137752.000000 0.110323 8049
60176.901221 2064137753.000000 0.123489 8049
60176.901233 2064137750.000000 0.076471 8049
60176.901244 2064137744.000000 0.054885 8049
60176.901256 2064137746.000000 0.093956 8049
60176.901267 2064137753.000000 0.078275 8049
60176.901279 2064137755.000000 0.074036 8049
60176.901291 2064137744.000000 0.169754 8049
60176.901302 2064137738.000000 0.059496 8049
60176.901314 2064137743.000000 0.101293 8049
60176.901325 2064137749.000000 0.070229 8049
60176.901337 2064137739.000000 0.117635 8049
60176.901348 2064137736.000000 0.083186 8049
60176.901360 2064137742.000000 0.082282 8049
60176.901372 2064137734.000000 0.070127 8049
60176.901383 2064137749.000000 0.098567 8049
60176.901395 2064137746.000000 0.089696 8049
60176.901406 2064137734.000000 0.084341 8049
60176.901418 2064137730.000000 0.061683 8049
60176.901429 2064137737.000000 0.065552 8049
60176.901441 2064137730.000000 0.211306 8049
60176.901453 2064137725.000000 0.103610 8049
60176.901464 2064137731.000000 0.080322 8049
60176.901476 2064137733.000000 0.105004 8049
60176.901487 2064137726.000000 0.117272 8049
60176.901499 2064137730.000000 0.101302 8049
60176.901510 2064137722.000000 0.099544 8049
60176.901522 2064137729.000000 0.047499 8049
60176.901534 2064137726.000000 0.059408 8049
60176.901545 2064137719.000000 0.092166 8049
60176.901557 2064137716.000000 0.061238 8049
60176.901568 2064137718.000000 0.069850 8049
60176.901580 2064137723.000000 0.110495 8049
60176.901591 2064137714.000000 0.086312 8049
60176.901603 2064137711.000000 0.095759 8049
60176.901615 2064137721.000000 0.070212 8049
60176.901626 2064137711.000000 0.072010 8049
60176.901638 2064137718.000000 0.072693 8049
60176.901649 2064137725.000000 0.058467 8049
60176.901661 2064137706.000000 0.070937 8049
60176.901672 2064137711.000000 0.124929 8049
60176.901684 2064137709.000000 0.056912 8049
60176.901696 2064137700.000000 0.061709 8049
60176.901707 2064137716.000000 0.068406 8049
60176.901719 2064137699.000000 0.077381 8049
60176.901730 2064137698.000000 0.143079 8049
60176.901742 2064137697.000000 0.047961 8049
60176.901753 2064137700.000000 0.064942 8049
60176.901765 2064137706.000000 0.065437 8049
60176.901777 2064137701.000000 0.077219 8049
60176.901788 2064137711.000000 0.087192 8049
60176.901800 2064137698.000000 0.056706 8049
60176.901811 2064137699.000000 0.070951 8049
60176.901823 2064137692.000000 0.071336 8049
60176.901834 2064137691.000000 0.068437 8049
60176.901846 2064137688.000000 0.162067 8049
60176.901858 2064137685.000000 0.081825 8049
60176.901869 2064137684.000000 0.138854 8049
60176.901881 2064137687.000000 0.032451 8049
60176.901892 2064137685.000000 0.062630 8049
60176.901904 2064137695.000000 0.070450 8049
60176.901916 2064137682.000000 0.055479 8049
60176.901927 2064137692.000000 0.081322 8049
60176.901939 2064137676.000000 0.051694 8049
60176.901950 2064137693.000000 0.062520 8049
60176.901962 2064137677.000000 0.321243 8049
60176.901973 2064137677.000000 0.130304 8049
60176.901985 2064137678.000000 0.197564 8049
60176.901997 2064137671.000000 0.078222 8049
60176.902008 2064137675.000000 0.042901 8049
60176.902020 2064137673.000000 0.112914 8049
60176.902031 2064137677.000000 0.079591 8049
60176.902043 2064137674.000000 0.091482 8049
60176.902054 2064137680.000000 0.076486 8049
60176.902066 2064137681.000000 0.058475 8049
60176.902078 2064137664.000000 0.059112 8049
60176.902089 2064137678.000000 0.036449 8049
60176.902101 2064137663.000000 0.065550 8049
60176.902112 2064137661.000000 0.176284 8049
60176.902124 2064137659.000000 0.138046 8049
60176.902135 2064137661.000000 0.116071 8049
60176.902147 2064137657.000000 0.053275 8049
60176.902159 2064137656.000000 0.184139 8049
60176.902170 2064137673.000000 0.081104 8049
60176.902182 2064137655.000000 0.110044 8049
60176.902193 2064137652.000000 0.084155 8049
60176.902205 2064137659.000000 0.160587 8049
60176.902216 2064137648.000000 0.094025 8049
60176.902228 2064137650.000000 0.044802 8049
60176.902240 2064137656.000000 0.058394 8049
60176.902251 2064137653.000000 0.080917 8049
60176.902263 2064137659.000000 0.192428 8049
60176.902274 2064137652.000000 0.101607 8049
60176.902286 2064137656.000000 0.163863 8049
60176.902297 2064137643.000000 0.070948 8049
60176.902309 2064137643.000000 0.053387 8049
60176.902321 2064137639.000000 0.132221 8049
60176.902332 2064137650.000000 0.080623 8049
60176.902344 2064137642.000000 0.091742 8049
60176.902355 2064137649.000000 0.069325 8049
60176.902367 2064137639.000000 0.176450 8049
60176.902378 2064137643.000000 0.134511 8049
60176.902390 2064137641.000000 0.060687 8049
60176.902402 2064137636.000000 0.087031 8049
60176.902413 2064137639.000000 0.110217 8049
60176.902425 2064137632.000000 0.086997 8049
60176.902436 2064137629.000000 0.096746 8049
60176.902448 2064137630.000000 0.098517 8049
60176.902459 2064137637.000000 0.062835 8049
60176.902471 2064137627.000000 0.184049 8049
60176.902483 2064137631.000000 0.071320 8049
60176.902494 2064137634.000000 0.035931 8049
60176.902506 2064137625.000000 0.069918 8049
60176.902517 2064137628.000000 0.140160 8049
60176.902529 2064137621.000000 0.099963 8049
60176.902541 2064137633.000000 0.075882 8049
60176.902552 2064137618.000000 0.052597 8049
60176.902564 2064137616.000000 0.087806 8049
60176.902575 2064137620.000000 0.171148 8049
60176.902587 2064137618.000000 0.081985 8049
60176.902598 2064137622.000000 0.122120 8049
60176.902610 2064137613.000000 0.139980 8049
60176.902622 2064137623.000000 0.098300 8049
60176.902633 2064137611.000000 0.162912 8049
60176.902645 2064137604.000000 0.058273 8049
60176.902656 2064137607.000000 0.109008 8049
60176.902668 2064137615.000000 0.072559 8049
60176.902679 2064137608.000000 0.098077 8049
60176.902691 2064137605.000000 0.085791 8049
60176.902703 2064137608.000000 0.128413 8049
60176.902714 2064137609.000000 0.113925 8049
60176.902726 2064137606.000000 0.117563 8049
60176.902737 2064137601.000000 0.131985 8049
60176.902749 2064137601.000000 0.078964 8049
60176.902760 2064137599.000000 0.114202 8049
60176.902772 2064137600.000000 0.146130 8049
60176.902784 2064137600.000000 0.072302 8049
60176.902795 2064137597.000000 0.125468 8049
60176.902807 2064137599.000000 0.077318 8049
60176.902818 2064137609.000000 0.049294 8049
60176.902830 2064137600.000000 0.061246 8049
60176.902841 2064137600.000000 0.069871 8049
60176.902853 2064137590.000000 0.146147 8049
60176.902865 2064137601.000000 0.053460 8049
60176.902876 2064137592.000000 0.086036 8049
60176.902888 2064137597.000000 0.081158 8049
60176.902899 2064137586.000000 0.034147 8049
60176.902911 2064137591.000000 0.121495 8049
60176.902922 2064137592.000000 0.028481 8049
60176.902934 2064137585.000000 0.074102 8049
60176.902946 2064137590.000000 0.097581 8049
60176.902957 2064137590.000000 0.174223 8049
60176.902969 2064137589.000000 0.157010 8049
60176.902980 2064137583.000000 0.111856 8049
60176.902992 2064137580.000000 0.080089 8049
60176.903003 2064137598.000000 0.075718 8049
60176.903015 2064137597.000000 0.099825 8049
60176.903027 2064137585.000000 0.110925 8049
60176.903038 2064137583.000000 0.140619 8049
60176.903050 2064137588.000000 0.063023 8049
60176.903061 2064137589.000000 0.088947 8049
60176.903073 2064137591.000000 0.094497 8049
60176.903084 2064137592.000000 0.058778 8049
60176.903096 2064137586.000000 0.095868 8049
60176.903108 2064137575.000000 0.098102 8049
60176.903119 2064137576.000000 0.124011 8049
60176.903131 2064137574.000000 0.061356 8049
60176.903142 2064137587.000000 0.059295 8049
60176.903154 2064137575.000000 0.070676 8049
60176.903166 2064137581.000000 0.040655 8049
60176.903177 2064137572.000000 0.064731 8049
60176.903189 2064137576.000000 0.118562 8049
60176.903200 2064137570.000000 0.068226 8049
60176.903212 2064137583.000000 0.089530 8049
60176.903223 2064137568.000000 0.066425 8049
60176.903235 2064137572.000000 0.071131 8049
60176.903247 2064137567.000000 0.129898 8049
60176.903258 2064137565.000000 0.066111 8049
60176.903270 2064137572.000000 0.078828 8049
60176.903281 2064137566.000000 0.161394 8049
60176.903293 2064137566.000000 0.128276 8049
60176.903304 2064137566.000000 0.064077 8049
60176.903316 2064137565.000000 0.157300 8049
60176.903328 2064137572.000000 0.034351 8049
60176.903339 2064137569.000000 0.054299 8049
60176.903351 2064137561.000000 0.148035 8049
60176.903362 2064137573.000000 0.069630 8049
60176.903374 2064137556.000000 0.067320 8049
60176.903385 2064137568.000000 0.073209 8049
60176.903397 2064137563.000000 0.117628 8049
60176.903409 2064137560.000000 0.157264 8049
60176.903420 2064137557.000000 0.170719 8049
60176.903432 2064137557.000000 0.095689 8049
60176.903443 2064137559.000000 0.164491 8049
60176.903455 2064137564.000000 0.080474 8049
60176.903466 2064137563.000000 0.096278 8049
60176.903478 2064137554.000000 0.043031 8049
60176.903490 2064137556.000000 0.086655 8049
60176.903501 2064137555.000000 0.115133 8049
60176.903513 2064137555.000000 0.082520 8049
60176.903524 2064137560.000000 0.069704 8049
60176.903536 2064137557.000000 0.103294 8049
60176.903547 2064137550.000000 0.113372 8049
60176.903559 2064137563.000000 0.057940 8049
60176.903571 2064137548.000000 0.097663 8049
60176.903582 2064137559.000000 0.046637 8049
60176.903594 2064137550.000000 0.103395 8049
60176.903605 2064137545.000000 0.050612 8049
60176.903617 2064137547.000000 0.064905 8049
60176.903628 2064137547.000000 0.094328 8049
60176.903640 2064137546.000000 0.049948 8049
60176.903652 2064137550.000000 0.024623 8049
60176.903663 2064137542.000000 0.094995 8049
60176.903675 2064137545.000000 0.092149 8049
60176.903686 2064137547.000000 0.097599 8049
60176.903698 2064137540.000000 0.170108 8049
60176.903709 2064137540.000000 0.082406 8049
60176.903721 2064137543.000000 0.110540 8049
60176.903733 2064137549.000000 0.098069 8049
60176.903744 2064137544.000000 0.187486 8049
60176.903756 2064137541.000000 0.131539 8049
60176.903767 2064137541.000000 0.155066 8049
60176.903779 2064137538.000000 0.068097 8049
60176.903791 2064137537.000000 0.078869 8049
60176.903802 2064137536.000000 0.155476 8049
60176.903814 2064137535.000000 0.131763 8049
60176.903825 2064137532.000000 0.049061 8049
60176.903837 2064137545.000000 0.063771 8049
60176.903848 2064137534.000000 0.073007 8049
60176.903860 2064137535.000000 0.071565 8049
60176.903872 2064137529.000000 0.077812 8049
60176.903883 2064137534.000000 0.171428 8049
60176.903895 2064137528.000000 0.083151 8049
60176.903906 2064137533.000000 0.092790 8049
60176.903918 2064137532.000000 0.125306 8049
60176.903929 2064137524.000000 0.071218 8049
60176.903941 2064137529.000000 0.096560 8049
60176.903953 2064137526.000000 0.074968 8049
60176.903964 2064137524.000000 0.064937 8049
60176.903976 2064137524.000000 0.096518 8049
60176.903987 2064137530.000000 0.094724 8049
60176.903999 2064137524.000000 0.064236 8049
60176.904010 2064137531.000000 0.087987 8049
60176.904022 2064137517.000000 0.040757 8049
60176.904034 2064137521.000000 0.074006 8049
60176.904045 2064137516.000000 0.058831 8049
60176.904057 2064137519.000000 0.097048 8049
60176.904068 2064137532.000000 0.063413 8049
60176.904080 2064137516.000000 0.102968 8049
60176.904091 2064137528.000000 0.061566 8049
60176.904103 2064137521.000000 0.135694 8049
60176.904115 2064137517.000000 0.136115 8049
60176.904126 2064137520.000000 0.083124 8049
60176.904138 2064137526.000000 0.100659 8049
60176.904149 2064137527.000000 0.128585 8049
60176.904161 2064137515.000000 0.199564 8049
60176.904172 2064137523.000000 0.101099 8049
60176.904184 2064137514.000000 0.160512 8049
60176.904196 2064137511.000000 0.092482 8049
60176.904207 2064137520.000000 0.078171 8049
60176.904219 2064137521.000000 0.051340 8049
60176.904230 2064137514.000000 0.074691 8049
60176.904242 2064137511.000000 0.080319 8049
60176.904253 2064137517.000000 0.110568 8049
60176.904265 2064137507.000000 0.088271 8049
60176.904277 2064137509.000000 0.089379 8049
60176.904288 2064137510.000000 0.149129 8049
60176.904300 2064137507.000000 0.236573 8049
60176.904311 2064137510.000000 0.037724 8049
60176.904323 2064137511.000000 0.175789 8049
60176.904334 2064137503.000000 0.100984 8049
60176.904346 2064137509.000000 0.057835 8049
60176.904358 2064137506.000000 0.147318 8049
60176.904369 2064137499.000000 0.063276 8049
60176.904381 2064137509.000000 0.070226 8049
60176.904392 2064137501.000000 0.136926 8049
60176.904404 2064137511.000000 0.062324 8049
60176.904416 2064137503.000000 0.085258 8049
60176.904427 2064137501.000000 0.062880 8049
60176.904439 2064137512.000000 0.071241 8049
60176.904450 2064137501.000000 0.075125 8049
60176.904462 2064137495.000000 0.074123 8049
60176.904473 2064137503.000000 0.105724 8049
60176.904485 2064137497.000000 0.107353 8049
60176.904497 2064137494.000000 0.168798 8049
60176.904508 2064137495.000000 0.067165 8049
60176.904520 2064137491.000000 0.105375 8049
60176.904531 2064137492.000000 0.160336 8049
60176.904543 2064137499.000000 0.085423 8049
60176.904554 2064137488.000000 0.046213 8049
60176.904566 2064137492.000000 0.234108 8049
60176.904578 2064137495.000000 0.093520 8049
60176.904589 2064137505.000000 0.046533 8049
60176.904601 2064137486.000000 0.050551 8049
60176.904612 2064137499.000000 0.039253 8049
60176.904624 2064137488.000000 0.059529 8049
60176.904635 2064137488.000000 0.073732 8049
60176.904647 2064137489.000000 0.101514 8049
60176.904659 2064137487.000000 0.182908 8049
60176.904670 2064137485.000000 0.110751 8049
60176.904682 2064137487.000000 0.047677 8049
60176.904693 2064137485.000000 0.157306 8049
60176.904705 2064137482.000000 0.246283 8049
60176.904716 2064137487.000000 0.062448 8049
60176.904728 2064137482.000000 0.097317 8049
60176.904740 2064137480.000000 0.096212 8049
60176.904751 2064137479.000000 0.213871 8049
60176.904763 2064137482.000000 0.086754 8049
60176.904774 2064137478.000000 0.064873 8049
60176.904786 2064137479.000000 0.102227 8049
60176.904797 2064137479.000000 0.067181 8049
60176.904809 2064137477.000000 0.106207 8049
60176.904821 2064137475.000000 0.122042 8049
60176.904832 2064137479.000000 0.103932 8049
60176.904844 2064137477.000000 0.050144 8049
60176.904855 2064137486.000000 0.071660 8049
60176.904867 2064137475.000000 0.092030 8049
60176.904878 2064137485.000000 0.113307 8049
60176.904890 2064137480.000000 0.113541 8049
60176.904902 2064137477.000000 0.156329 8049
60176.904913 2064137477.000000 0.128462 8049
60176.904925 2064137488.000000 0.033371 8049
60176.904936 2064137472.000000 0.123964 8049
60176.904948 2064137475.000000 0.086279 8049
60176.904959 2064137481.000000 0.097733 8049
60176.904971 2064137475.000000 0.111841 8049
60176.904983 2064137473.000000 0.084570 8049
60176.904994 2064137475.000000 0.090261 8049
60176.905006 2064137484.000000 0.103768 8049
60176.905017 2064137475.000000 0.151464 8049
60176.905029 2064137484.000000 0.060342 8049
60176.905041 2064137474.000000 0.076062 8049
60176.905052 2064137467.000000 0.067574 8049
60176.905064 2064137474.000000 0.100379 8049
60176.905075 2064137472.000000 0.228666 8049
60176.905087 2064137473.000000 0.162854 8049
60176.905098 2064137474.000000 0.113757 8049
60176.905110 2064137475.000000 0.082282 8049
60176.905122 2064137474.000000 0.104133 8049
60176.905133 2064137475.000000 0.102036 8049
60176.905145 2064137471.000000 0.112191 8049
60176.905156 2064137471.000000 0.057523 8049
60176.905168 2064137470.000000 0.078763 8049
60176.905179 2064137474.000000 0.155373 8049
60176.905191 2064137469.000000 0.056196 8049
60176.905203 2064137475.000000 0.069871 8049
60176.905214 2064137472.000000 0.061031 8049
60176.905226 2064137470.000000 0.102071 8049
60176.905237 2064137472.000000 0.100489 8049
60176.905249 2064137469.000000 0.142001 8049
60176.905260 2064137469.000000 0.121710 8049
60176.905272 2064137473.000000 0.119970 8049
60176.905284 2064137469.000000 0.203553 8049
60176.905295 2064137475.000000 0.064936 8049
60176.905307 2064137474.000000 0.039983 8049
60176.905318 2064137479.000000 0.058396 8049
60176.905330 2064137465.000000 0.054370 8049
60176.905341 2064137469.000000 0.246327 8049
60176.905353 2064137469.000000 0.141747 8049
60176.905365 2064137467.000000 0.135975 8049
60176.905376 2064137464.000000 0.096406 8049
60176.905388 2064137469.000000 0.210923 8049
60176.905399 2064137468.000000 0.121934 8049
60176.905411 2064137469.000000 0.064867 8049
60176.905422 2064137465.000000 0.096388 8049
60176.905434 2064137464.000000 0.229679 8049
60176.905446 2064137469.000000 0.091927 8049
60176.905457 2064137473.000000 0.056715 8049
60176.905469 2064137471.000000 0.039831 8049
60176.905480 2064137465.000000 0.115296 8049
60176.905492 2064137463.000000 0.056185 8049
60176.905503 2064137465.000000 0.059186 8049
60176.905515 2064137469.000000 0.076245 8049
60176.905527 2064137462.000000 0.099327 8049
60176.905538 2064137474.000000 0.095859 8049
60176.905550 2064137467.000000 0.094653 8049
60176.905561 2064137462.000000 0.114431 8049
60176.905573 2064137474.000000 0.043673 8049
60176.905584 2064137477.000000 0.042863 8049
60176.905596 2064137467.000000 0.122270 8049
60176.905608 2064137461.000000 0.137813 8049
60176.905619 2064137461.000000 0.145788 8049
60176.905631 2064137460.000000 0.104899 8049
60176.905642 2064137464.000000 0.150931 8049
60176.905654 2064137461.000000 0.147448 8049
60176.905666 2064137464.000000 0.075766 8049
60176.905677 2064137464.000000 0.136282 8049
60176.905689 2064137464.000000 0.053282 8049
60176.905700 2064137463.000000 0.089919 8049
60176.905712 2064137461.000000 0.088053 8049
60176.905723 2064137458.000000 0.124935 8049
60176.905735 2064137466.000000 0.133571 8049
60176.905747 2064137470.000000 0.078842 8049
60176.905758 2064137464.000000 0.081089 8049
60176.905770 2064137461.000000 0.113473 8049
60176.905781 2064137462.000000 0.063452 8049
60176.905793 2064137459.000000 0.170134 8049
60176.905804 2064137457.000000 0.098807 8049
60176.905816 2064137460.000000 0.173101 8049
60176.905828 2064137462.000000 0.066110 8049
60176.905839 2064137457.000000 0.138032 8049
60176.905851 2064137461.000000 0.069563 8049
60176.905862 2064137468.000000 0.078698 8049
60176.905874 2064137461.000000 0.149557 8049
60176.905885 2064137459.000000 0.106843 8049
60176.905897 2064137459.000000 0.087434 8049
60176.905909 2064137464.000000 0.173920 8049
60176.905920 2064137454.000000 0.151966 8049
60176.905932 2064137458.000000 0.120434 8049
60176.905943 2064137464.000000 0.077127 8049
60176.905955 2064137460.000000 0.051223 8049
60176.905966 2064137465.000000 0.074904 8049
60176.905978 2064137456.000000 0.080077 8049
60176.905990 2064137461.000000 0.057021 8049
60176.906001 2064137464.000000 0.078559 8049
60176.906013 2064137455.000000 0.089173 8049
60176.906024 2064137452.000000 0.023650 8049
60176.906036 2064137455.000000 0.099439 8049
60176.906047 2064137467.000000 0.041695 8049
60176.906059 2064137453.000000 0.196196 8049
60176.906071 2064137452.000000 0.165351 8049
60176.906082 2064137455.000000 0.118791 8049
60176.906094 2064137457.000000 0.188075 8049
60176.906105 2064137458.000000 0.101933 8049
60176.906117 2064137455.000000 0.144874 8049
60176.906128 2064137450.000000 0.102957 8049
60176.906140 2064137452.000000 0.055559 8049
60176.906152 2064137450.000000 0.112045 8049
60176.906163 2064137449.000000 0.051381 8049
60176.906175 2064137460.000000 0.076372 8049
60176.906186 2064137448.000000 0.133533 8049
60176.906198 2064137454.000000 0.087215 8049
60176.906209 2064137449.000000 0.066967 8049
60176.906221 2064137451.000000 0.158448 8049
60176.906233 2064137454.000000 0.089943 8049
60176.906244 2064137452.000000 0.093206 8049
60176.906256 2064137454.000000 0.143406 8049
60176.906267 2064137457.000000 0.118637 8049
60176.906279 2064137452.000000 0.058715 8049
60176.906291 2064137447.000000 0.078577 8049
60176.906302 2064137454.000000 0.057600 8049
60176.906314 2064137459.000000 0.075949 8049
60176.906325 2064137447.000000 0.123629 8049
60176.906337 2064137451.000000 0.050703 8049
60176.906348 2064137452.000000 0.102774 8049
60176.906360 2064137449.000000 0.127213 8049
60176.906372 2064137454.000000 0.177246 8049
60176.906383 2064137451.000000 0.089177 8049
60176.906395 2064137450.000000 0.121550 8049
60176.906406 2064137447.000000 0.056863 8049
60176.906418 2064137454.000000 0.099471 8049
60176.906429 2064137452.000000 0.054020 8049
60176.906441 2064137443.000000 0.060439 8049
60176.906453 2064137445.000000 0.050743 8049
60176.906464 2064137445.000000 0.076550 8049
60176.906476 2064137446.000000 0.070552 8049
60176.906487 2064137446.000000 0.060014 8049
60176.906499 2064137445.000000 0.184942 8049
60176.906510 2064137446.000000 0.083214 8049
60176.906522 2064137445.000000 0.075455 8049
60176.906534 2064137454.000000 0.064248 8049
60176.906545 2064137449.000000 0.149000 8049
60176.906557 2064137444.000000 0.124172 8049
60176.906568 2064137450.000000 0.110376 8049
60176.906580 2064137446.000000 0.114658 8049
60176.906591 2064137450.000000 0.126413 8049
60176.906603 2064137447.000000 0.123290 8049
60176.906615 2064137444.000000 0.157115 8049
60176.906626 2064137444.000000 0.282396 8049
60176.906638 2064137440.000000 0.068252 8049
60176.906649 2064137444.000000 0.073970 8049
60176.906661 2064137450.000000 0.046292 8049
60176.906672 2064137441.000000 0.096329 8049
60176.906684 2064137448.000000 0.107103 8049
60176.906696 2064137449.000000 0.056289 8049
60176.906707 2064137441.000000 0.123907 8049
60176.906719 2064137446.000000 0.068172 8049
60176.906730 2064137441.000000 0.150509 8049
60176.906742 2064137443.000000 0.086985 8049
60176.906753 2064137447.000000 0.154966 8049
60176.906765 2064137441.000000 0.060721 8049
60176.906777 2064137441.000000 0.186986 8049
60176.906788 2064137448.000000 0.104660 8049
60176.906800 2064137442.000000 0.206341 8049
60176.906811 2064137440.000000 0.117263 8049
60176.906823 2064137445.000000 0.122899 8049
60176.906834 2064137446.000000 0.195323 8049
60176.906846 2064137457.000000 0.048588 8049
60176.906858 2064137448.000000 0.205101 8049
60176.906869 2064137445.000000 0.074357 8049
60176.906881 2064137443.000000 0.199782 8049
60176.906892 2064137447.000000 0.071328 8049
60176.906904 2064137446.000000 0.079352 8049
60176.906916 2064137446.000000 0.162904 8049
60176.906927 2064137444.000000 0.197147 8049
60176.906939 2064137448.000000 0.167578 8049
60176.906950 2064137449.000000 0.093648 8049
60176.906962 2064137448.000000 0.061366 8049
60176.906973 2064137445.000000 0.170728 8049
60176.906985 2064137461.000000 0.071666 8049
60176.906997 2064137450.000000 0.135353 8049
60176.907008 2064137447.000000 0.196398 8049
60176.907020 2064137445.000000 0.165553 8049
60176.907031 2064137453.000000 0.130637 8049
60176.907043 2064137457.000000 0.033422 8049
60176.907054 2064137450.000000 0.113303 8049
60176.907066 2064137449.000000 0.062861 8049
60176.907078 2064137448.000000 0.158572 8049
60176.907089 2064137451.000000 0.254382 8049
60176.907101 2064137456.000000 0.057680 8049
60176.907112 2064137450.000000 0.153506 8049
60176.907124 2064137452.000000 0.080613 8049
60176.907135 2064137450.000000 0.204282 8049
60176.907147 2064137453.000000 0.181638 8049
60176.907159 2064137450.000000 0.202009 8049
60176.907170 2064137450.000000 0.151935 8049
60176.907182 2064137456.000000 0.133554 8049
60176.907193 2064137454.000000 0.150983 8049
60176.907205 2064137453.000000 0.057478 8049
60176.907216 2064137455.000000 0.066139 8049
60176.907228 2064137459.000000 0.071294 8049
60176.907240 2064137453.000000 0.109765 8049
60176.907251 2064137453.000000 0.106225 8049
60176.907263 2064137451.000000 0.099214 8049
60176.907274 2064137464.000000 0.108298 8049
60176.907286 2064137456.000000 0.082902 8049
60176.907297 2064137457.000000 0.135455 8049
60176.907309 2064137455.000000 0.124507 8049
60176.907321 2064137456.000000 0.132140 8049
60176.907332 2064137452.000000 0.122091 8049
60176.907344 2064137450.000000 0.036927 8049
60176.907355 2064137454.000000 0.041377 8049
60176.907367 2064137455.000000 0.115902 8049
60176.907378 2064137453.000000 0.182992 8049
60176.907390 2064137456.000000 0.096916 8049
60176.907402 2064137466.000000 0.062911 8049
60176.907413 2064137462.000000 0.043957 8049
60176.907425 2064137460.000000 0.116610 8049
60176.907436 2064137470.000000 0.093293 8049
60176.907448 2064137459.000000 0.151004 8049
60176.907459 2064137460.000000 0.285751 8049
60176.907471 2064137459.000000 0.104350 8049
60176.907483 2064137465.000000 0.064030 8049
60176.907494 2064137461.000000 0.100376 8049
60176.907506 2064137466.000000 0.162668 8049
60176.907517 2064137465.000000 0.179277 8049
60176.907529 2064137461.000000 0.090952 8049
60176.907541 2064137458.000000 0.176166 8049
60176.907552 2064137459.000000 0.119090 8049
60176.907564 2064137459.000000 0.132529 8049
60176.907575 2064137457.000000 0.084302 8049
60176.907587 2064137472.000000 0.094278 8049
60176.907598 2064137463.000000 0.180001 8049
60176.907610 2064137463.000000 0.100018 8049
60176.907622 2064137462.000000 0.127375 8049
60176.907633 2064137465.000000 0.089143 8049
60176.907645 2064137458.000000 0.097471 8049
60176.907656 2064137469.000000 0.098754 8049
60176.907668 2064137474.000000 0.065429 8049
60176.907679 2064137458.000000 0.065841 8049
60176.907691 2064137463.000000 0.075528 8049
60176.907703 2064137465.000000 0.105221 8049
60176.907714 2064137465.000000 0.100674 8049
60176.907726 2064137460.000000 0.065445 8049
60176.907737 2064137463.000000 0.087050 8049
60176.907749 2064137466.000000 0.074262 8049
60176.907760 2064137462.000000 0.095871 8049
60176.907772 2064137470.000000 0.127378 8049
60176.907784 2064137469.000000 0.124675 8049
60176.907795 2064137465.000000 0.055147 8049
60176.907807 2064137475.000000 0.087224 8049
60176.907818 2064137469.000000 0.112249 8049
60176.907830 2064137468.000000 0.067635 8049
60176.907841 2064137468.000000 0.073026 8049
60176.907853 2064137468.000000 0.116835 8049
60176.907865 2064137464.000000 0.082505 8049
60176.907876 2064137475.000000 0.078743 8049
60176.907888 2064137469.000000 0.189839 8049
60176.907899 2064137465.000000 0.061317 8049
60176.907911 2064137471.000000 0.116994 8049
60176.907922 2064137468.000000 0.128684 8049
60176.907934 2064137467.000000 0.048317 8049
60176.907946 2064137472.000000 0.114154 8049
60176.907957 2064137470.000000 0.149286 8049
60176.907969 2064137467.000000 0.077496 8049
60176.907980 2064137466.000000 0.139945 8049
60176.907992 2064137467.000000 0.077738 8049
60176.908003 2064137473.000000 0.163545 8049
60176.908015 2064137468.000000 0.099438 8049
60176.908027 2064137466.000000 0.069178 8049
60176.908038 2064137473.000000 0.048329 8049
60176.908050 2064137469.000000 0.119524 8049
60176.908061 2064137476.000000 0.070743 8049
60176.908073 2064137478.000000 0.052081 8049
60176.908084 2064137468.000000 0.135618 8049
60176.908096 2064137470.000000 0.064914 8049
60176.908108 2064137473.000000 0.267184 8049
60176.908119 2064137473.000000 0.185058 8049
60176.908131 2064137467.000000 0.069320 8049
60176.908142 2064137475.000000 0.086708 8049
60176.908154 2064137471.000000 0.138026 8049
60176.908166 2064137474.000000 0.066288 8049
60176.908177 2064137478.000000 0.143077 8049
60176.908189 2064137472.000000 0.129206 8049
60176.908200 2064137475.000000 0.118778 8049
60176.908212 2064137474.000000 0.086916 8049
60176.908223 2064137474.000000 0.288034 8049
60176.908235 2064137473.000000 0.088798 8049
60176.908247 2064137475.000000 0.204206 8049
60176.908258 2064137472.000000 0.125621 8049
60176.908270 2064137477.000000 0.163338 8049
60176.908281 2064137488.000000 0.077068 8049
60176.908293 2064137479.000000 0.106616 8049
60176.908304 2064137478.000000 0.102595 8049
60176.908316 2064137478.000000 0.254762 8049
60176.908328 2064137480.000000 0.224916 8049
60176.908339 2064137473.000000 0.120044 8049
60176.908351 2064137479.000000 0.090391 8049
60176.908362 2064137476.000000 0.078874 8049
60176.908374 2064137478.000000 0.119291 8049
60176.908385 2064137479.000000 0.236961 8049
60176.908397 2064137476.000000 0.085881 8049
60176.908409 2064137479.000000 0.074250 8049
60176.908420 2064137481.000000 0.241281 8049
60176.908432 2064137479.000000 0.131764 8049
60176.908443 2064137474.000000 0.073330 8049
60176.908455 2064137490.000000 0.054852 8049
60176.908466 2064137491.000000 0.061498 8049
60176.908478 2064137480.000000 0.102989 8049
60176.908490 2064137481.000000 0.147721 8049
60176.908501 2064137482.000000 0.128542 8049
60176.908513 2064137483.000000 0.086404 8049
60176.908524 2064137480.000000 0.134468 8049
60176.908536 2064137483.000000 0.094632 8049
60176.908547 2064137479.000000 0.113425 8049
60176.908559 2064137485.000000 0.074043 8049
60176.908571 2064137483.000000 0.136450 8049
60176.908582 2064137484.000000 0.151131 8049
60176.908594 2064137483.000000 0.073887 8049
60176.908605 2064137482.000000 0.118054 8049
60176.908617 2064137486.000000 0.095250 8049
60176.908628 2064137490.000000 0.096162 8049
60176.908640 2064137481.000000 0.076737 8049
60176.908652 2064137484.000000 0.225990 8049
60176.908663 2064137484.000000 0.117765 8049
60176.908675 2064137497.000000 0.056711 8049
60176.908686 2064137488.000000 0.265315 8049
60176.908698 2064137485.000000 0.055065 8049
60176.908709 2064137490.000000 0.163382 8049
60176.908721 2064137490.000000 0.076581 8049
60176.908733 2064137505.000000 0.058639 8049
60176.908744 2064137493.000000 0.128911 8049
60176.908756 2064137497.000000 0.102750 8049
60176.908767 2064137494.000000 0.290199 8049
60176.908779 2064137498.000000 0.051138 8049
60176.908791 2064137490.000000 0.089084 8049
60176.908802 2064137499.000000 0.163025 8049
60176.908814 2064137495.000000 0.134895 8049
60176.908825 2064137496.000000 0.202271 8049
60176.908837 2064137498.000000 0.076736 8049
60176.908848 2064137494.000000 0.108382 8049
60176.908860 2064137499.000000 0.258963 8049
60176.908872 2064137501.000000 0.071510 8049
60176.908883 2064137501.000000 0.218603 8049
60176.908895 2064137498.000000 0.148317 8049
60176.908906 2064137504.000000 0.156427 8049
60176.908918 2064137501.000000 0.100660 8049
60176.908929 2064137500.000000 0.143853 8049
60176.908941 2064137506.000000 0.082421 8049
60176.908953 2064137506.000000 0.102545 8049
60176.908964 2064137509.000000 0.084589 8049
60176.908976 2064137515.000000 0.056883 8049
60176.908987 2064137509.000000 0.081259 8049
60176.908999 2064137516.000000 0.117273 8049
60176.909010 2064137510.000000 0.174279 8049
60176.909022 2064137520.000000 0.079099 8049
60176.909034 2064137517.000000 0.188778 8049
60176.909045 2064137509.000000 0.185196 8049
60176.909057 2064137510.000000 0.094998 8049
60176.909068 2064137512.000000 0.139102 8049
60176.909080 2064137512.000000 0.095883 8049
60176.909091 2064137514.000000 0.063454 8049
60176.909103 2064137515.000000 0.090590 8049
60176.909115 2064137512.000000 0.091580 8049
60176.909126 2064137515.000000 0.148914 8049
60176.909138 2064137518.000000 0.235636 8049
60176.909149 2064137515.000000 0.091306 8049
60176.909161 2064137516.000000 0.113266 8049
60176.909172 2064137518.000000 0.088124 8049
60176.909184 2064137520.000000 0.063843 8049
60176.909196 2064137520.000000 0.062243 8049
60176.909207 2064137515.000000 0.047474 8049
60176.909219 2064137520.000000 0.183142 8049
60176.909230 2064137519.000000 0.085839 8049
60176.909242 2064137522.000000 0.155027 8049
60176.909253 2064137525.000000 0.064299 8049
60176.909265 2064137533.000000 0.045803 8049
60176.909277 2064137524.000000 0.122664 8049
60176.909288 2064137523.000000 0.089625 8049
60176.909300 2064137525.000000 0.194235 8049
60176.909311 2064137529.000000 0.207682 8049
60176.909323 2064137522.000000 0.054924 8049
60176.909334 2064137528.000000 0.053522 8049
60176.909346 2064137534.000000 0.057698 8049
60176.909358 2064137526.000000 0.126391 8049
60176.909369 2064137536.000000 0.073248 8049
60176.909381 2064137529.000000 0.125606 8049
60176.909392 2064137532.000000 0.070809 8049
60176.909404 2064137530.000000 0.122598 8049
60176.909416 2064137532.000000 0.116958 8049
60176.909427 2064137533.000000 0.112761 8049
60176.909439 2064137525.000000 0.061172 8049
60176.909450 2064137541.000000 0.093363 8049
60176.909462 2064137536.000000 0.073104 8049
60176.909473 2064137535.000000 0.129995 8049
60176.909485 2064137538.000000 0.155400 8049
60176.909497 2064137541.000000 0.075001 8049
60176.909508 2064137536.000000 0.088477 8049
60176.909520 2064137538.000000 0.074302 8049
60176.909531 2064137537.000000 0.070840 8049
60176.909543 2064137542.000000 0.200522 8049
60176.909554 2064137551.000000 0.085195 8049
60176.909566 2064137540.000000 0.088127 8049
60176.909578 2064137543.000000 0.203898 8049
60176.909589 2064137538.000000 0.170789 8049
60176.909601 2064137546.000000 0.095092 8049
60176.909612 2064137545.000000 0.123072 8049
60176.909624 2064137542.000000 0.059399 8049
60176.909635 2064137545.000000 0.143192 8049
60176.909647 2064137544.000000 0.094086 8049
60176.909659 2064137542.000000 0.109729 8049
60176.909670 2064137545.000000 0.041463 8049
60176.909682 2064137559.000000 0.038729 8049
60176.909693 2064137548.000000 0.136676 8049
60176.909705 2064137549.000000 0.107397 8049
60176.909716 2064137555.000000 0.058627 8049
60176.909728 2064137556.000000 0.088293 8049
60176.909740 2064137552.000000 0.037455 8049
60176.909751 2064137552.000000 0.091639 8049
60176.909763 2064137554.000000 0.053671 8049
60176.909774 2064137556.000000 0.070705 8049
60176.909786 2064137553.000000 0.104361 8049
60176.909797 2064137555.000000 0.153748 8049
60176.909809 2064137563.000000 0.078937 8049
60176.909821 2064137558.000000 0.058908 8049
60176.909832 2064137561.000000 0.132601 8049
60176.909844 2064137562.000000 0.085438 8049
60176.909855 2064137559.000000 0.071256 8049
60176.909867 2064137560.000000 0.129497 8049
60176.909878 2064137563.000000 0.165294 8049
60176.909890 2064137564.000000 0.063895 8049
60176.909902 2064137563.000000 0.106655 8049
60176.909913 2064137566.000000 0.057097 8049
60176.909925 2064137564.000000 0.120000 8049
60176.909936 2064137565.000000 0.118736 8049
60176.909948 2064137563.000000 0.104974 8049
60176.909959 2064137571.000000 0.070287 8049
60176.909971 2064137568.000000 0.109247 8049
60176.909983 2064137570.000000 0.115015 8049
60176.909994 2064137569.000000 0.119841 8049
60176.910006 2064137574.000000 0.080268 8049
60176.910017 2064137567.000000 0.143895 8049
60176.910029 2064137569.000000 0.185463 8049
60176.910041 2064137574.000000 0.132703 8049
60176.910052 2064137574.000000 0.091241 8049
60176.910064 2064137573.000000 0.165634 8049
60176.910075 2064137572.000000 0.095039 8049
60176.910087 2064137574.000000 0.054936 8049
60176.910098 2064137573.000000 0.139616 8049
60176.910110 2064137571.000000 0.051645 8049
60176.910122 2064137575.000000 0.100297 8049
60176.910133 2064137576.000000 0.082744 8049
60176.910145 2064137577.000000 0.091095 8049
60176.910156 2064137580.000000 0.131385 8049
60176.910168 2064137579.000000 0.164248 8049
60176.910179 2064137578.000000 0.145186 8049
60176.910191 2064137579.000000 0.089638 8049
60176.910203 2064137584.000000 0.105461 8049
60176.910214 2064137578.000000 0.055122 8049
60176.910226 2064137587.000000 0.157405 8049
60176.910237 2064137584.000000 0.219576 8049
60176.910249 2064137583.000000 0.067777 8049
60176.910260 2064137589.000000 0.060984 8049
60176.910272 2064137587.000000 0.106907 8049
60176.910284 2064137588.000000 0.210612 8049
60176.910295 2064137586.000000 0.055331 8049
60176.910307 2064137585.000000 0.068430 8049
60176.910318 2064137594.000000 0.082431 8049
60176.910330 2064137592.000000 0.179866 8049
60176.910341 2064137596.000000 0.047759 8049
60176.910353 2064137590.000000 0.145946 8049
60176.910365 2064137595.000000 0.149035 8049
60176.910376 2064137592.000000 0.233557 8049
60176.910388 2064137598.000000 0.067032 8049
60176.910399 2064137593.000000 0.073104 8049
60176.910411 2064137596.000000 0.174475 8049
60176.910422 2064137592.000000 0.060433 8049
60176.910434 2064137589.000000 0.122988 8049
60176.910446 2064137595.000000 0.110831 8049
60176.910457 2064137597.000000 0.279823 8049
60176.910469 2064137597.000000 0.077635 8049
60176.910480 2064137595.000000 0.113003 8049
60176.910492 2064137598.000000 0.079921 8049
60176.910503 2064137605.000000 0.080972 8049
60176.910515 2064137606.000000 0.093741 8049
60176.910527 2064137600.000000 0.152432 8049
60176.910538 2064137600.000000 0.247689 8049
60176.910550 2064137609.000000 0.091617 8049
60176.910561 2064137605.000000 0.115185 8049
60176.910573 2064137604.000000 0.063215 8049
60176.910584 2064137605.000000 0.096466 8049
60176.910596 2064137608.000000 0.130066 8049
60176.910608 2064137607.000000 0.239949 8049
60176.910619 2064137610.000000 0.077992 8049
60176.910631 2064137609.000000 0.148797 8049
60176.910642 2064137611.000000 0.123777 8049
60176.910654 2064137609.000000 0.118508 8049
60176.910666 2064137618.000000 0.113524 8049
60176.910677 2064137619.000000 0.117330 8049
60176.910689 2064137620.000000 0.118491 8049
60176.910700 2064137618.000000 0.214085 8049
60176.910712 2064137622.000000 0.121008 8049
60176.910723 2064137624.000000 0.127078 8049
60176.910735 2064137624.000000 0.139978 8049
60176.910747 2064137625.000000 0.124768 8049
60176.910758 2064137626.000000 0.060082 8049
60176.910770 2064137624.000000 0.117843 8049
60176.910781 2064137636.000000 0.096817 8049
60176.910793 2064137629.000000 0.205002 8049
60176.910804 2064137630.000000 0.065440 8049
60176.910816 2064137632.000000 0.156613 8049
60176.910828 2064137638.000000 0.084021 8049
60176.910839 2064137629.000000 0.121129 8049
60176.910851 2064137634.000000 0.126093 8049
60176.910862 2064137635.000000 0.110009 8049
60176.910874 2064137636.000000 0.163755 8049
60176.910885 2064137642.000000 0.092863 8049
60176.910897 2064137639.000000 0.268840 8049
60176.910909 2064137644.000000 0.111630 8049
60176.910920 2064137640.000000 0.291192 8049
60176.910932 2064137640.000000 0.109907 8049
60176.910943 2064137644.000000 0.160290 8049
60176.910955 2064137643.000000 0.102959 8049
60176.910966 2064137644.000000 0.169076 8049
60176.910978 2064137646.000000 0.121735 8049
60176.910990 2064137651.000000 0.132241 8049
60176.911001 2064137645.000000 0.073703 8049
60176.911013 2064137655.000000 0.084347 8049
60176.911024 2064137654.000000 0.079646 8049
60176.911036 2064137656.000000 0.108981 8049
60176.911047 2064137653.000000 0.154190 8049
60176.911059 2064137651.000000 0.073206 8049
60176.911071 2064137659.000000 0.093516 8049
60176.911082 2064137654.000000 0.232922 8049
60176.911094 2064137662.000000 0.078016 8049
60176.911105 2064137659.000000 0.107887 8049
60176.911117 2064137657.000000 0.077441 8049
60176.911128 2064137653.000000 0.052249 8049
60176.911140 2064137662.000000 0.085658 8049
60176.911152 2064137660.000000 0.070414 8049
60176.911163 2064137667.000000 0.208734 8049
60176.911175 2064137670.000000 0.083093 8049
60176.911186 2064137669.000000 0.083373 8049
60176.911198 2064137675.000000 0.095202 8049
60176.911209 2064137669.000000 0.150912 8049
60176.911221 2064137674.000000 0.116883 8049
60176.911233 2064137675.000000 0.067666 8049
60176.911244 2064137683.000000 0.107205 8049
60176.911256 2064137677.000000 0.060187 8049
60176.911267 2064137672.000000 0.060129 8049
60176.911279 2064137675.000000 0.069416 8049
60176.911291 2064137681.000000 0.158916 8049
60176.911302 2064137686.000000 0.207275 8049
60176.911314 2064137678.000000 0.130849 8049
60176.911325 2064137681.000000 0.090681 8049
60176.911337 2064137679.000000 0.033397 8049
60176.911348 2064137685.000000 0.149932 8049
60176.911360 2064137690.000000 0.117897 8049
60176.911372 2064137689.000000 0.071447 8049
60176.911383 2064137688.000000 0.097425 8049
60176.911395 2064137689.000000 0.241390 8049
60176.911406 2064137687.000000 0.094108 8049
60176.911418 2064137691.000000 0.088427 8049
60176.911429 2064137698.000000 0.140836 8049
60176.911441 2064137704.000000 0.132508 8049
60176.911453 2064137697.000000 0.142085 8049
60176.911464 2064137694.000000 0.206821 8049
60176.911476 2064137696.000000 0.090766 8049
60176.911487 2064137703.000000 0.084905 8049
60176.911499 2064137703.000000 0.171375 8049
60176.911510 2064137699.000000 0.066994 8049
60176.911522 2064137702.000000 0.076606 8049
60176.911534 2064137706.000000 0.122966 8049
60176.911545 2064137712.000000 0.106518 8049
60176.911557 2064137709.000000 0.135925 8049
60176.911568 2064137710.000000 0.113991 8049
60176.911580 2064137707.000000 0.043039 8049
60176.911591 2064137705.000000 0.125357 8049
60176.911603 2064137714.000000 0.090650 8049
60176.911615 2064137722.000000 0.106860 8049
60176.911626 2064137717.000000 0.086419 8049
60176.911638 2064137711.000000 0.163546 8049
60176.911649 2064137718.000000 0.049007 8049
60176.911661 2064137719.000000 0.141243 8049
60176.911672 2064137716.000000 0.282158 8049
60176.911684 2064137719.000000 0.089060 8049
60176.911696 2064137720.000000 0.267538 8049
60176.911707 2064137721.000000 0.112039 8049
60176.911719 2064137724.000000 0.237380 8049
60176.911730 2064137724.000000 0.160481 8049
60176.911742 2064137726.000000 0.180469 8049
60176.911753 2064137726.000000 0.130808 8049
60176.911765 2064137728.000000 0.137986 8049
60176.911777 2064137734.000000 0.089740 8049
60176.911788 2064137730.000000 0.149916 8049
60176.911800 2064137729.000000 0.081253 8049
60176.911811 2064137733.000000 0.240922 8049
60176.911823 2064137735.000000 0.092767 8049
60176.911834 2064137735.000000 0.233417 8049
60176.911846 2064137733.000000 0.102954 8049
60176.911858 2064137740.000000 0.140895 8049
60176.911869 2064137738.000000 0.086095 8049
60176.911881 2064137742.000000 0.089057 8049
60176.911892 2064137749.000000 0.103550 8049
60176.911904 2064137744.000000 0.067927 8049
60176.911916 2064137745.000000 0.109432 8049
60176.911927 2064137744.000000 0.158942 8049
60176.911939 2064137748.000000 0.067935 8049
60176.911950 2064137749.000000 0.095752 8049
60176.911962 2064137747.000000 0.103303 8049
60176.911973 2064137746.000000 0.092839 8049
60176.911985 2064137749.000000 0.220724 8049
60176.911997 2064137753.000000 0.133944 8049
60176.912008 2064137753.000000 0.103593 8049
60176.912020 2064137753.000000 0.077484 8049
60176.912031 2064137755.000000 0.153617 8049
60176.912043 2064137747.000000 0.031547 8049
60176.912054 2064137757.000000 0.089392 8049
60176.912066 2064137759.000000 0.112360 8049
60176.912078 2064137763.000000 0.081901 8049
60176.912089 2064137761.000000 0.089670 8049
60176.912101 2064137759.000000 0.082499 8049
60176.912112 2064137772.000000 0.029109 8049
60176.912124 2064137766.000000 0.087586 8049
60176.912135 2064137766.000000 0.121718 8049
60176.912147 2064137769.000000 0.054509 8049
60176.912159 2064137774.000000 0.042019 8049
60176.912170 2064137778.000000 0.092936 8049
60176.912182 2064137771.000000 0.053441 8049
60176.912193 2064137767.000000 0.094000 8049
60176.912205 2064137777.000000 0.051227 8049
60176.912216 2064137779.000000 0.067240 8049
60176.912228 2064137773.000000 0.094654 8049
60176.912240 2064137777.000000 0.125999 8049
60176.912251 2064137778.000000 0.089050 8049
60176.912263 2064137777.000000 0.060324 8049
60176.912274 2064137781.000000 0.124225 8049
60176.912286 2064137779.000000 0.067962 8049
60176.912297 2064137777.000000 0.153974 8049
60176.912309 2064137784.000000 0.156837 8049
60176.912321 2064137787.000000 0.059423 8049
60176.912332 2064137792.000000 0.057575 8049
60176.912344 2064137785.000000 0.176740 8049
60176.912355 2064137785.000000 0.091010 8049
60176.912367 2064137787.000000 0.079398 8049
60176.912378 2064137790.000000 0.106611 8049
60176.912390 2064137792.000000 0.143743 8049
60176.912402 2064137788.000000 0.073728 8049
60176.912413 2064137785.000000 0.076723 8049
60176.912425 2064137799.000000 0.062185 8049
60176.912436 2064137794.000000 0.048471 8049
60176.912448 2064137800.000000 0.055381 8049
60176.912459 2064137798.000000 0.098054 8049
60176.912471 2064137802.000000 0.126967 8049
60176.912483 2064137797.000000 0.077962 8049
60176.912494 2064137804.000000 0.043715 8049
60176.912506 2064137801.000000 0.077515 8049
60176.912517 2064137808.000000 0.136939 8049
60176.912529 2064137804.000000 0.113853 8049
60176.912541 2064137809.000000 0.181272 8049
60176.912552 2064137804.000000 0.072017 8049
60176.912564 2064137810.000000 0.065722 8049
60176.912575 2064137815.000000 0.050021 8049
60176.912587 2064137811.000000 0.061891 8049
60176.912598 2064137817.000000 0.066914 8049
60176.912610 2064137817.000000 0.131380 8049
60176.912622 2064137822.000000 0.064295 8049
60176.912633 2064137828.000000 0.081382 8049
60176.912645 2064137829.000000 0.068926 8049
60176.912656 2064137821.000000 0.080938 8049
60176.912668 2064137830.000000 0.054978 8049
60176.912679 2064137827.000000 0.076438 8049
60176.912691 2064137832.000000 0.162058 8049
60176.912703 2064137826.000000 0.099318 8049
60176.912714 2064137829.000000 0.071828 8049
60176.912726 2064137835.000000 0.107111 8049
60176.912737 2064137831.000000 0.151809 8049
60176.912749 2064137835.000000 0.140354 8049
60176.912760 2064137837.000000 0.186064 8049
60176.912772 2064137842.000000 0.067155 8049
60176.912784 2064137846.000000 0.110232 8049
60176.912795 2064137844.000000 0.167371 8049
60176.912807 2064137844.000000 0.094401 8049
60176.912818 2064137848.000000 0.152250 8049
60176.912830 2064137848.000000 0.037846 8049
60176.912841 2064137850.000000 0.180085 8049
60176.912853 2064137853.000000 0.147805 8049
60176.912865 2064137854.000000 0.136925 8049
60176.912876 2064137858.000000 0.052431 8049
60176.912888 2064137858.000000 0.128322 8049
60176.912899 2064137853.000000 0.057488 8049
60176.912911 2064137864.000000 0.069862 8049
60176.912922 2064137863.000000 0.190864 8049
60176.912934 2064137866.000000 0.154998 8049
60176.912946 2064137869.000000 0.166531 8049
60176.912957 2064137859.000000 0.072964 8049
60176.912969 2064137865.000000 0.043562 8049
60176.912980 2064137866.000000 0.030754 8049
60176.912992 2064137874.000000 0.098354 8049
60176.913003 2064137874.000000 0.132418 8049
60176.913015 2064137873.000000 0.076415 8049
60176.913027 2064137880.000000 0.088163 8049
60176.913038 2064137873.000000 0.075407 8049
60176.913050 2064137878.000000 0.142375 8049
60176.913061 2064137884.000000 0.140698 8049
60176.913073 2064137890.000000 0.044768 8049
60176.913084 2064137887.000000 0.108049 8049
60176.913096 2064137879.000000 0.145074 8049
60176.913108 2064137886.000000 0.095091 8049
60176.913119 2064137895.000000 0.138709 8049
60176.913131 2064137889.000000 0.093541 8049
60176.913142 2064137888.000000 0.074301 8049
60176.913154 2064137899.000000 0.059298 8049
60176.913166 2064137896.000000 0.270049 8049
60176.913177 2064137898.000000 0.143624 8049
60176.913189 2064137899.000000 0.133293 8049
60176.913200 2064137897.000000 0.102943 8049
60176.913212 2064137907.000000 0.069582 8049
60176.913223 2064137904.000000 0.091969 8049
60176.913235 2064137908.000000 0.151611 8049
60176.913247 2064137907.000000 0.072928 8049
60176.913258 2064137905.000000 0.063424 8049
60176.913270 2064137912.000000 0.131054 8049
60176.913281 2064137916.000000 0.210649 8049
60176.913293 2064137918.000000 0.153902 8049
60176.913304 2064137918.000000 0.191243 8049
60176.913316 2064137919.000000 0.073033 8049
60176.913328 2064137921.000000 0.087259 8049
60176.913339 2064137923.000000 0.048999 8049
60176.913351 2064137921.000000 0.099821 8049
60176.913362 2064137922.000000 0.147946 8049
60176.913374 2064137926.000000 0.164316 8049
60176.913385 2064137928.000000 0.154074 8049
60176.913397 2064137930.000000 0.486370 8049
60176.913409 2064137930.000000 0.103969 8049
60176.913420 2064137932.000000 0.156729 8049
60176.913432 2064137934.000000 0.101263 8049
60176.913443 2064137936.000000 0.133791 8049
60176.913455 2064137933.000000 0.141308 8049
60176.913466 2064137943.000000 0.130731 8049
60176.913478 2064137943.000000 0.138635 8049
60176.913490 2064137942.000000 0.183713 8049
60176.913501 2064137939.000000 0.053164 8049
60176.913513 2064137946.000000 0.161805 8049
60176.913524 2064137950.000000 0.089206 8049
60176.913536 2064137946.000000 0.073677 8049
60176.913547 2064137951.000000 0.159140 8049
60176.913559 2064137951.000000 0.141716 8049
60176.913571 2064137953.000000 0.164493 8049
60176.913582 2064137949.000000 0.111374 8049
60176.913594 2064137956.000000 0.084924 8049
60176.913605 2064137957.000000 0.170433 8049
60176.913617 2064137964.000000 0.078101 8049
60176.913628 2064137965.000000 0.142989 8049
60176.913640 2064137962.000000 0.134953 8049
60176.913652 2064137965.000000 0.212917 8049
60176.913663 2064137971.000000 0.149314 8049
60176.913675 2064137965.000000 0.091081 8049
60176.913686 2064137975.000000 0.121605 8049
60176.913698 2064137973.000000 0.384672 8049
60176.913709 2064137974.000000 0.117925 8049
60176.913721 2064137970.000000 0.113666 8049
60176.913733 2064137973.000000 0.144067 8049
60176.913744 2064137978.000000 0.111654 8049
60176.913756 2064137977.000000 0.108472 8049
60176.913767 2064137980.000000 0.081776 8049
60176.913779 2064137986.000000 0.121385 8049
60176.913791 2064137989.000000 0.130937 8049
60176.913802 2064137983.000000 0.122009 8049
60176.913814 2064137986.000000 0.112321 8049
60176.913825 2064137985.000000 0.162709 8049
60176.913837 2064137998.000000 0.094472 8049
60176.913848 2064137992.000000 0.089320 8049
60176.913860 2064137993.000000 0.179324 8049
60176.913872 2064137995.000000 0.098802 8049
60176.913883 2064137996.000000 0.082710 8049
60176.913895 2064137992.000000 0.072296 8049
60176.913906 2064138001.000000 0.113074 8049
60176.913918 2064138004.000000 0.117993 8049
60176.913929 2064138002.000000 0.071487 8049
60176.913941 2064138006.000000 0.073240 8049
60176.913953 2064138004.000000 0.109640 8049
60176.913964 2064138010.000000 0.211307 8049
60176.913976 2064138014.000000 0.057996 8049
60176.913987 2064138012.000000 0.090658 8049
60176.913999 2064138014.000000 0.080925 8049
60176.914010 2064138019.000000 0.099263 8049
60176.914022 2064138017.000000 0.144074 8049
60176.914034 2064138019.000000 0.163773 8049
60176.914045 2064138022.000000 0.102098 8049
60176.914057 2064138022.000000 0.110752 8049
60176.914068 2064138026.000000 0.116679 8049
60176.914080 2064138027.000000 0.159082 8049
60176.914091 2064138024.000000 0.098952 8049
60176.914103 2064138033.000000 0.066754 8049
60176.914115 2064138032.000000 0.120708 8049
60176.914126 2064138028.000000 0.131543 8049
60176.914138 2064138033.000000 0.077619 8049
60176.914149 2064138032.000000 0.094642 8049
60176.914161 2064138037.000000 0.262679 8049
60176.914172 2064138041.000000 0.248712 8049
60176.914184 2064138040.000000 0.112462 8049
60176.914196 2064138041.000000 0.064943 8049
60176.914207 2064138043.000000 0.216442 8049
60176.914219 2064138045.000000 0.048637 8049
60176.914230 2064138053.000000 0.109881 8049
60176.914242 2064138050.000000 0.064526 8049
60176.914253 2064138051.000000 0.068704 8049
60176.914265 2064138046.000000 0.064425 8049
60176.914277 2064138054.000000 0.118595 8049
60176.914288 2064138041.000000 0.039400 8049
60176.914300 2064138057.000000 0.125226 8049
60176.914311 2064138062.000000 0.136858 8049
60176.914323 2064138061.000000 0.051648 8049
60176.914334 2064138060.000000 0.063031 8049
60176.914346 2064138063.000000 0.265615 8049
60176.914358 2064138064.000000 0.284997 8049
60176.914369 2064138066.000000 0.132031 8049
60176.914381 2064138067.000000 0.132910 8049
60176.914392 2064138066.000000 0.086006 8049
60176.914404 2064138074.000000 0.164707 8049
60176.914416 2064138065.000000 0.079577 8049
60176.914427 2064138073.000000 0.170423 8049
60176.914439 2064138070.000000 0.071714 8049
60176.914450 2064138077.000000 0.136678 8049
60176.914462 2064138076.000000 0.143698 8049
60176.914473 2064138078.000000 0.090510 8049
60176.914485 2064138077.000000 0.123580 8049
60176.914497 2064138084.000000 0.137969 8049
60176.914508 2064138086.000000 0.080424 8049
60176.914520 2064138087.000000 0.089904 8049
60176.914531 2064138088.000000 0.101977 8049
60176.914543 2064138096.000000 0.194244 8049
60176.914554 2064138092.000000 0.139759 8049
60176.914566 2064138101.000000 0.109899 8049
60176.914578 2064138099.000000 0.151772 8049
60176.914589 2064138104.000000 0.092987 8049
60176.914601 2064138098.000000 0.088462 8049
60176.914612 2064138104.000000 0.112355 8049
60176.914624 2064138104.000000 0.099500 8049
60176.914635 2064138107.000000 0.031990 8049
60176.914647 2064138113.000000 0.231990 8049
60176.914659 2064138110.000000 0.110170 8049
60176.914670 2064138114.000000 0.153333 8049
60176.914682 2064138114.000000 0.154292 8049
60176.914693 2064138120.000000 0.082094 8049
60176.914705 2064138119.000000 0.149063 8049
60176.914716 2064138122.000000 0.164086 8049
60176.914728 2064138128.000000 0.087130 8049
60176.914740 2064138132.000000 0.037948 8049
60176.914751 2064138138.000000 0.032375 8049
60176.914763 2064138131.000000 0.137153 8049
60176.914774 2064138136.000000 0.128615 8049
60176.914786 2064138138.000000 0.304864 8049
60176.914797 2064138140.000000 0.080196 8049
60176.914809 2064138144.000000 0.068466 8049
60176.914821 2064138136.000000 0.106594 8049
60176.914832 2064138147.000000 0.128365 8049
60176.914844 2064138149.000000 0.119055 8049
60176.914855 2064138153.000000 0.114928 8049
60176.914867 2064138155.000000 0.117351 8049
60176.914878 2064138151.000000 0.138450 8049
60176.914890 2064138157.000000 0.121087 8049
60176.914902 2064138157.000000 0.146622 8049
60176.914913 2064138156.000000 0.088719 8049
60176.914925 2064138161.000000 0.164791 8049
60176.914936 2064138166.000000 0.118411 8049
60176.914948 2064138167.000000 0.081248 8049
60176.914959 2064138169.000000 0.245312 8049
60176.914971 2064138164.000000 0.052945 8049
60176.914983 2064138172.000000 0.191892 8049
60176.914994 2064138172.000000 0.100131 8049
60176.915006 2064138176.000000 0.102068 8049
60176.915017 2064138180.000000 0.097715 8049
60176.915029 2064138183.000000 0.146174 8049
60176.915041 2064138187.000000 0.124289 8049
60176.915052 2064138184.000000 0.100999 8049
60176.915064 2064138184.000000 0.101533 8049
60176.915075 2064138187.000000 0.091495 8049
60176.915087 2064138192.000000 0.172846 8049
60176.915098 2064138192.000000 0.089197 8049
60176.915110 2064138201.000000 0.086467 8049
60176.915122 2064138198.000000 0.174236 8049
60176.915133 2064138198.000000 0.087028 8049
60176.915145 2064138201.000000 0.369548 8049
60176.915156 2064138201.000000 0.078324 8049
60176.915168 2064138210.000000 0.075931 8049
60176.915179 2064138211.000000 0.129181 8049
60176.915191 2064138208.000000 0.123912 8049
60176.915203 2064138215.000000 0.086604 8049
60176.915214 2064138219.000000 0.116643 8049
60176.915226 2064138218.000000 0.071823 8049
60176.915237 2064138217.000000 0.106470 8049
60176.915249 2064138218.000000 0.197493 8049
60176.915260 2064138227.000000 0.108005 8049
60176.915272 2064138221.000000 0.103175 8049
60176.915284 2064138228.000000 0.090764 8049
60176.915295 2064138228.000000 0.124679 8049
60176.915307 2064138231.000000 0.087712 8049
60176.915318 2064138234.000000 0.137882 8049
60176.915330 2064138232.000000 0.128312 8049
60176.915341 2064138236.000000 0.314092 8049
60176.915353 2064138242.000000 0.108867 8049
60176.915365 2064138245.000000 0.130436 8049
60176.915376 2064138247.000000 0.056420 8049
60176.915388 2064138244.000000 0.172081 8049
60176.915399 2064138245.000000 0.056388 8049
60176.915411 2064138250.000000 0.124028 8049
60176.915422 2064138253.000000 0.054972 8049
60176.915434 2064138249.000000 0.101446 8049
60176.915446 2064138257.000000 0.212849 8049
60176.915457 2064138261.000000 0.072940 8049
60176.915469 2064138259.000000 0.190014 8049
60176.915480 2064138260.000000 0.147956 8049
60176.915492 2064138264.000000 0.272708 8049
60176.915503 2064138264.000000 0.137152 8049
60176.915515 2064138264.000000 0.170361 8049
60176.915527 2064138271.000000 0.186520 8049
60176.915538 2064138273.000000 0.218261 8049
60176.915550 2064138277.000000 0.156055 8049
60176.915561 2064138277.000000 0.216602 8049
60176.915573 2064138283.000000 0.072045 8049
60176.915584 2064138282.000000 0.131395 8049
60176.915596 2064138286.000000 0.143260 8049
60176.915608 2064138277.000000 0.105529 8049
60176.915619 2064138280.000000 0.066800 8049
60176.915631 2064138288.000000 0.103630 8049
60176.915642 2064138294.000000 0.133959 8049
60176.915654 2064138294.000000 0.098585 8049
60176.915666 2064138288.000000 0.066077 8049
60176.915677 2064138297.000000 0.264115 8049
60176.915689 2064138303.000000 0.051701 8049
60176.915700 2064138299.000000 0.080674 8049
60176.915712 2064138306.000000 0.070684 8049
60176.915723 2064138298.000000 0.106966 8049
60176.915735 2064138309.000000 0.053198 8049
60176.915747 2064138309.000000 0.161944 8049
60176.915758 2064138313.000000 0.107135 8049
60176.915770 2064138309.000000 0.214604 8049
60176.915781 2064138313.000000 0.119807 8049
60176.915793 2064138320.000000 0.048026 8049
60176.915804 2064138324.000000 0.150797 8049
60176.915816 2064138321.000000 0.168405 8049
60176.915828 2064138319.000000 0.088352 8049
60176.915839 2064138328.000000 0.249818 8049
60176.915851 2064138331.000000 0.115917 8049
60176.915862 2064138330.000000 0.082963 8049
60176.915874 2064138332.000000 0.096934 8049
60176.915885 2064138333.000000 0.160716 8049
60176.915897 2064138335.000000 0.092475 8049
60176.915909 2064138340.000000 0.072504 8049
60176.915920 2064138337.000000 0.076954 8049
60176.915932 2064138341.000000 0.103605 8049
60176.915943 2064138345.000000 0.087923 8049
60176.915955 2064138345.000000 0.094369 8049
60176.915966 2064138341.000000 0.095767 8049
60176.915978 2064138356.000000 0.125657 8049
60176.915990 2064138349.000000 0.135439 8049
60176.916001 2064138358.000000 0.113512 8049
60176.916013 2064138359.000000 0.111639 8049
60176.916024 2064138357.000000 0.092232 8049
60176.916036 2064138363.000000 0.052838 8049
60176.916047 2064138358.000000 0.054386 8049
60176.916059 2064138360.000000 0.107906 8049
60176.916071 2064138362.000000 0.125431 8049
60176.916082 2064138370.000000 0.135289 8049
60176.916094 2064138372.000000 0.186470 8049
60176.916105 2064138373.000000 0.127334 8049
60176.916117 2064138377.000000 0.073168 8049
60176.916128 2064138380.000000 0.121057 8049
60176.916140 2064138380.000000 0.222039 8049
60176.916152 2064138381.000000 0.186398 8049
60176.916163 2064138385.000000 0.434185 8049
60176.916175 2064138386.000000 0.189570 8049
60176.916186 2064138390.000000 0.053405 8049
60176.916198 2064138384.000000 0.056461 8049
60176.916209 2064138390.000000 0.187812 8049
60176.916221 2064138394.000000 0.221077 8049
60176.916233 2064138397.000000 0.092645 8049
60176.916244 2064138400.000000 0.087263 8049
60176.916256 2064138400.000000 0.122756 8049
60176.916267 2064138403.000000 0.079747 8049
60176.916279 2064138403.000000 0.099081 8049
60176.916291 2064138400.000000 0.081633 8049
60176.916302 2064138409.000000 0.113831 8049
60176.916314 2064138412.000000 0.120852 8049
60176.916325 2064138412.000000 0.048767 8049
60176.916337 2064138416.000000 0.182896 8049
60176.916348 2064138418.000000 0.070456 8049
60176.916360 2064138420.000000 0.111258 8049
60176.916372 2064138422.000000 0.105521 8049
60176.916383 2064138418.000000 0.111502 8049
60176.916395 2064138421.000000 0.167842 8049
60176.916406 2064138423.000000 0.140265 8049
60176.916418 2064138425.000000 0.131504 8049
60176.916429 2064138430.000000 0.111488 8049
60176.916441 2064138428.000000 0.054369 8049
60176.916453 2064138434.000000 0.102267 8049
60176.916464 2064138441.000000 0.085324 8049
60176.916476 2064138437.000000 0.065725 8049
60176.916487 2064138442.000000 0.106817 8049
60176.916499 2064138440.000000 0.092342 8049
60176.916510 2064138443.000000 0.126675 8049
60176.916522 2064138446.000000 0.114912 8049
60176.916534 2064138451.000000 0.094835 8049
60176.916545 2064138450.000000 0.166101 8049
60176.916557 2064138456.000000 0.226243 8049
60176.916568 2064138457.000000 0.096433 8049
60176.916580 2064138459.000000 0.079225 8049
60176.916591 2064138462.000000 0.157193 8049
60176.916603 2064138462.000000 0.092501 8049
60176.916615 2064138465.000000 0.117840 8049
60176.916626 2064138466.000000 0.116987 8049
60176.916638 2064138475.000000 0.200616 8049
60176.916649 2064138472.000000 0.094302 8049
60176.916661 2064138478.000000 0.190001 8049
