60176.895828 2241604113.000000 0.014927 8049
60176.895839 2241604115.000000 0.022061 8049
60176.895851 2241604117.000000 0.024307 8049
60176.895862 2241604120.000000 0.015108 8049
60176.895874 2241604122.000000 0.022011 8049
60176.895885 2241604124.000000 0.027755 8049
60176.895897 2241604126.000000 0.026539 8049
60176.895909 2241604128.000000 0.020139 8049
60176.895920 2241604130.000000 0.014725 8049
60176.895932 2241604132.000000 0.013146 8049
60176.895943 2241604134.000000 0.018974 8049
60176.895955 2241604136.000000 0.014295 8049
60176.895966 2241604138.000000 0.024792 8049
60176.895978 2241604140.000000 0.018328 8049
60176.895990 2241604142.000000 0.015838 8049
60176.896001 2241604145.000000 0.020086 8049
60176.896013 2241604147.000000 0.018917 8049
60176.896024 2241604149.000000 0.024415 8049
60176.896036 2241604151.000000 0.019708 8049
60176.896047 2241604153.000000 0.019797 8049
60176.896059 2241604155.000000 0.016953 8049
60176.896071 2241604157.000000 0.029555 8049
60176.896082 2241604159.000000 0.015775 8049
60176.896094 2241604161.000000 0.023298 8049
60176.896105 2241604163.000000 0.026637 8049
60176.896117 2241604165.000000 0.019386 8049
60176.896128 2241604167.000000 0.018947 8049
60176.896140 2241604169.000000 0.015155 8049
60176.896152 2241604171.000000 0.019149 8049
60176.896163 2241604173.000000 0.012183 8049
60176.896175 2241604175.000000 0.014314 8049
60176.896186 2241604177.000000 0.024007 8049
60176.896198 2241604179.000000 0.016656 8049
60176.896209 2241604181.000000 0.018361 8049
60176.896221 2241604184.000000 0.014366 8049
60176.896233 2241604186.000000 0.018630 8049
60176.896244 2241604188.000000 0.018964 8049
60176.896256 2241604189.000000 0.021767 8049
60176.896267 2241604191.000000 0.016155 8049
60176.896279 2241604193.000000 0.018203 8049
60176.896291 2241604195.000000 0.027370 8049
60176.896302 2241604197.000000 0.031373 8049
60176.896314 2241604199.000000 0.021083 8049
60176.896325 2241604201.000000 0.021389 8049
60176.896337 2241604203.000000 0.018903 8049
60176.896348 2241604205.000000 0.018728 8049
60176.896360 2241604207.000000 0.013479 8049
60176.896372 2241604209.000000 0.030358 8049
60176.896383 2241604211.000000 0.019646 8049
60176.896395 2241604213.000000 0.022120 8049
60176.896406 2241604215.000000 0.017581 8049
60176.896418 2241604217.000000 0.014813 8049
60176.896429 2241604219.000000 0.015402 8049
60176.896441 2241604221.000000 0.020591 8049
60176.896453 2241604222.000000 0.018826 8049
60176.896464 2241604224.000000 0.021260 8049
60176.896476 2241604226.000000 0.022541 8049
60176.896487 2241604228.000000 0.023271 8049
60176.896499 2241604230.000000 0.020243 8049
60176.896510 2241604232.000000 0.013230 8049
60176.896522 2241604234.000000 0.025377 8049
60176.896534 2241604236.000000 0.020122 8049
60176.896545 2241604239.000000 0.018043 8049
60176.896557 2241604241.000000 0.015075 8049
60176.896568 2241604243.000000 0.010997 8049
60176.896580 2241604246.000000 0.023130 8049
60176.896591 2241604248.000000 0.015536 8049
60176.896603 2241604250.000000 0.016911 8049
60176.896615 2241604253.000000 0.015784 8049
60176.896626 2241604255.000000 0.030829 8049
60176.896638 2241604257.000000 0.019212 8049
60176.896649 2241604259.000000 0.020637 8049
60176.896661 2241604261.000000 0.012690 8049
60176.896672 2241604264.000000 0.016759 8049
60176.896684 2241604266.000000 0.016139 8049
60176.896696 2241604268.000000 0.016604 8049
60176.896707 2241604270.000000 0.029450 8049
60176.896719 2241604272.000000 0.017578 8049
60176.896730 2241604275.000000 0.021906 8049
60176.896742 2241604277.000000 0.022745 8049
60176.896753 2241604280.000000 0.020225 8049
60176.896765 2241604282.000000 0.017747 8049
60176.896777 2241604284.000000 0.018807 8049
60176.896788 2241604286.000000 0.020765 8049
60176.896800 2241604288.000000 0.018950 8049
60176.896811 2241604290.000000 0.022747 8049
60176.896823 2241604293.000000 0.015708 8049
60176.896834 2241604295.000000 0.020417 8049
60176.896846 2241604297.000000 0.022342 8049
60176.896858 2241604299.000000 0.012633 8049
60176.896869 2241604302.000000 0.019830 8049
60176.896881 2241604304.000000 0.026105 8049
60176.896892 2241604306.000000 0.014455 8049
60176.896904 2241604308.000000 0.018414 8049
60176.896916 2241604310.000000 0.016148 8049
60176.896927 2241604312.000000 0.009190 8049
60176.896939 2241604314.000000 0.021160 8049
60176.896950 2241604317.000000 0.023086 8049
60176.896962 2241604319.000000 0.012572 8049
60176.896973 2241604321.000000 0.020745 8049
60176.896985 2241604323.000000 0.023845 8049
60176.896997 2241604325.000000 0.023396 8049
60176.897008 2241604327.000000 0.023517 8049
60176.897020 2241604329.000000 0.021281 8049
60176.897031 2241604331.000000 0.016449 8049
60176.897043 2241604334.000000 0.012351 8049
60176.897054 2241604336.000000 0.017639 8049
60176.897066 2241604338.000000 0.015635 8049
60176.897078 2241604340.000000 0.020005 8049
60176.897089 2241604342.000000 0.022436 8049
60176.897101 2241604344.000000 0.021248 8049
60176.897112 2241604346.000000 0.017118 8049
60176.897124 2241604349.000000 0.015885 8049
60176.897135 2241604350.000000 0.021701 8049
60176.897147 2241604353.000000 0.013490 8049
60176.897159 2241604355.000000 0.023790 8049
60176.897170 2241604357.000000 0.020738 8049
60176.897182 2241604359.000000 0.020655 8049
60176.897193 2241604361.000000 0.017874 8049
60176.897205 2241604363.000000 0.021828 8049
60176.897216 2241604364.000000 0.017764 8049
60176.897228 2241604367.000000 0.017965 8049
60176.897240 2241604369.000000 0.016910 8049
60176.897251 2241604371.000000 0.020823 8049
60176.897263 2241604373.000000 0.026807 8049
60176.897274 2241604375.000000 0.022826 8049
60176.897286 2241604377.000000 0.023988 8049
60176.897297 2241604379.000000 0.026746 8049
60176.897309 2241604381.000000 0.016805 8049
60176.897321 2241604383.000000 0.018557 8049
60176.897332 2241604385.000000 0.021569 8049
60176.897344 2241604387.000000 0.022550 8049
60176.897355 2241604389.000000 0.017842 8049
60176.897367 2241604391.000000 0.020166 8049
60176.897378 2241604393.000000 0.021687 8049
60176.897390 2241604395.000000 0.023401 8049
60176.897402 2241604397.000000 0.027606 8049
60176.897413 2241604399.000000 0.017146 8049
60176.897425 2241604401.000000 0.022160 8049
60176.897436 2241604403.000000 0.012311 8049
60176.897448 2241604405.000000 0.019767 8049
60176.897459 2241604407.000000 0.018559 8049
60176.897471 2241604409.000000 0.011376 8049
60176.897483 2241604410.000000 0.016367 8049
60176.897494 2241604413.000000 0.026323 8049
60176.897506 2241604414.000000 0.017174 8049
60176.897517 2241604416.000000 0.017644 8049
60176.897529 2241604418.000000 0.018097 8049
60176.897541 2241604420.000000 0.022247 8049
60176.897552 2241604422.000000 0.021880 8049
60176.897564 2241604424.000000 0.024240 8049
60176.897575 2241604426.000000 0.014022 8049
60176.897587 2241604428.000000 0.021394 8049
60176.897598 2241604430.000000 0.017342 8049
60176.897610 2241604432.000000 0.017403 8049
60176.897622 2241604434.000000 0.020028 8049
60176.897633 2241604435.000000 0.017492 8049
60176.897645 2241604437.000000 0.013351 8049
60176.897656 2241604439.000000 0.024935 8049
60176.897668 2241604441.000000 0.029367 8049
60176.897679 2241604443.000000 0.018275 8049
60176.897691 2241604445.000000 0.016135 8049
60176.897703 2241604447.000000 0.016730 8049
60176.897714 2241604448.000000 0.019131 8049
60176.897726 2241604450.000000 0.018838 8049
60176.897737 2241604452.000000 0.019645 8049
60176.897749 2241604454.000000 0.023198 8049
60176.897760 2241604456.000000 0.018366 8049
60176.897772 2241604458.000000 0.019253 8049
60176.897784 2241604459.000000 0.015128 8049
60176.897795 2241604461.000000 0.023106 8049
60176.897807 2241604463.000000 0.022383 8049
60176.897818 2241604465.000000 0.019630 8049
60176.897830 2241604467.000000 0.017926 8049
60176.897841 2241604468.000000 0.023085 8049
60176.897853 2241604470.000000 0.013147 8049
60176.897865 2241604472.000000 0.027311 8049
60176.897876 2241604474.000000 0.019298 8049
60176.897888 2241604476.000000 0.016256 8049
60176.897899 2241604477.000000 0.018554 8049
60176.897911 2241604479.000000 0.021973 8049
60176.897922 2241604481.000000 0.016344 8049
60176.897934 2241604483.000000 0.021660 8049
60176.897946 2241604484.000000 0.017187 8049
60176.897957 2241604486.000000 0.016166 8049
60176.897969 2241604488.000000 0.019331 8049
60176.897980 2241604489.000000 0.017110 8049
60176.897992 2241604491.000000 0.018585 8049
60176.898003 2241604493.000000 0.024542 8049
60176.898015 2241604495.000000 0.018222 8049
60176.898027 2241604496.000000 0.021435 8049
60176.898038 2241604498.000000 0.023201 8049
60176.898050 2241604500.000000 0.021963 8049
60176.898061 2241604502.000000 0.025080 8049
60176.898073 2241604503.000000 0.018832 8049
60176.898084 2241604505.000000 0.018621 8049
60176.898096 2241604507.000000 0.024440 8049
60176.898108 2241604508.000000 0.017774 8049
60176.898119 2241604510.000000 0.016711 8049
60176.898131 2241604512.000000 0.017944 8049
60176.898142 2241604513.000000 0.028106 8049
60176.898154 2241604515.000000 0.016108 8049
60176.898166 2241604516.000000 0.021061 8049
60176.898177 2241604518.000000 0.021954 8049
60176.898189 2241604520.000000 0.023217 8049
60176.898200 2241604521.000000 0.015260 8049
60176.898212 2241604523.000000 0.021489 8049
60176.898223 2241604525.000000 0.028041 8049
60176.898235 2241604527.000000 0.015888 8049
60176.898247 2241604528.000000 0.026324 8049
60176.898258 2241604530.000000 0.014922 8049
60176.898270 2241604531.000000 0.018693 8049
60176.898281 2241604533.000000 0.018575 8049
60176.898293 2241604535.000000 0.024376 8049
60176.898304 2241604536.000000 0.024009 8049
60176.898316 2241604538.000000 0.028713 8049
60176.898328 2241604539.000000 0.017229 8049
60176.898339 2241604541.000000 0.017032 8049
60176.898351 2241604543.000000 0.018307 8049
60176.898362 2241604544.000000 0.018317 8049
60176.898374 2241604546.000000 0.016113 8049
60176.898385 2241604547.000000 0.019716 8049
60176.898397 2241604549.000000 0.020653 8049
60176.898409 2241604550.000000 0.012931 8049
60176.898420 2241604552.000000 0.021112 8049
60176.898432 2241604553.000000 0.016775 8049
60176.898443 2241604555.000000 0.017790 8049
60176.898455 2241604557.000000 0.020875 8049
60176.898466 2241604558.000000 0.027619 8049
60176.898478 2241604560.000000 0.012075 8049
60176.898490 2241604561.000000 0.024350 8049
60176.898501 2241604563.000000 0.020735 8049
60176.898513 2241604564.000000 0.032362 8049
60176.898524 2241604565.000000 0.017251 8049
60176.898536 2241604567.000000 0.021560 8049
60176.898547 2241604569.000000 0.019668 8049
60176.898559 2241604570.000000 0.017780 8049
60176.898571 2241604571.000000 0.018789 8049
60176.898582 2241604573.000000 0.017387 8049
60176.898594 2241604575.000000 0.017208 8049
60176.898605 2241604576.000000 0.024694 8049
60176.898617 2241604578.000000 0.018789 8049
60176.898628 2241604579.000000 0.021198 8049
60176.898640 2241604581.000000 0.014255 8049
60176.898652 2241604582.000000 0.018528 8049
60176.898663 2241604584.000000 0.021466 8049
60176.898675 2241604585.000000 0.025472 8049
60176.898686 2241604586.000000 0.020884 8049
60176.898698 2241604588.000000 0.013687 8049
60176.898709 2241604589.000000 0.019670 8049
60176.898721 2241604590.000000 0.016967 8049
60176.898733 2241604592.000000 0.027716 8049
60176.898744 2241604594.000000 0.015978 8049
60176.898756 2241604596.000000 0.021491 8049
60176.898767 2241604598.000000 0.010638 8049
60176.898779 2241604600.000000 0.022391 8049
60176.898791 2241604602.000000 0.010963 8049
60176.898802 2241604603.000000 0.015713 8049
60176.898814 2241604605.000000 0.021710 8049
60176.898825 2241604607.000000 0.018532 8049
60176.898837 2241604609.000000 0.023573 8049
60176.898848 2241604611.000000 0.015436 8049
60176.898860 2241604612.000000 0.013557 8049
60176.898872 2241604614.000000 0.012796 8049
60176.898883 2241604616.000000 0.017479 8049
60176.898895 2241604618.000000 0.024225 8049
60176.898906 2241604620.000000 0.016444 8049
60176.898918 2241604621.000000 0.012140 8049
60176.898929 2241604623.000000 0.020530 8049
60176.898941 2241604625.000000 0.029604 8049
60176.898953 2241604627.000000 0.017864 8049
60176.898964 2241604629.000000 0.023017 8049
60176.898976 2241604630.000000 0.014910 8049
60176.898987 2241604632.000000 0.025424 8049
60176.898999 2241604634.000000 0.028115 8049
60176.899010 2241604636.000000 0.018114 8049
60176.899022 2241604637.000000 0.018676 8049
60176.899034 2241604639.000000 0.031120 8049
60176.899045 2241604641.000000 0.021527 8049
60176.899057 2241604643.000000 0.019160 8049
60176.899068 2241604644.000000 0.014411 8049
60176.899080 2241604646.000000 0.017483 8049
60176.899091 2241604648.000000 0.020882 8049
60176.899103 2241604650.000000 0.028606 8049
60176.899115 2241604652.000000 0.020839 8049
60176.899126 2241604653.000000 0.019767 8049
60176.899138 2241604655.000000 0.013218 8049
60176.899149 2241604657.000000 0.017854 8049
60176.899161 2241604658.000000 0.014295 8049
60176.899172 2241604660.000000 0.014256 8049
60176.899184 2241604661.000000 0.019157 8049
60176.899196 2241604663.000000 0.022013 8049
60176.899207 2241604665.000000 0.020039 8049
60176.899219 2241604666.000000 0.020309 8049
60176.899230 2241604668.000000 0.021599 8049
60176.899242 2241604670.000000 0.015899 8049
60176.899253 2241604671.000000 0.016694 8049
60176.899265 2241604673.000000 0.017463 8049
60176.899277 2241604675.000000 0.015078 8049
60176.899288 2241604676.000000 0.017459 8049
60176.899300 2241604678.000000 0.017453 8049
60176.899311 2241604680.000000 0.015870 8049
60176.899323 2241604682.000000 0.019184 8049
60176.899334 2241604683.000000 0.024458 8049
60176.899346 2241604685.000000 0.013784 8049
60176.899358 2241604686.000000 0.023682 8049
60176.899369 2241604688.000000 0.025119 8049
60176.899381 2241604689.000000 0.013984 8049
60176.899392 2241604691.000000 0.025917 8049
60176.899404 2241604692.000000 0.018294 8049
60176.899416 2241604694.000000 0.023984 8049
60176.899427 2241604695.000000 0.017013 8049
60176.899439 2241604697.000000 0.024474 8049
60176.899450 2241604699.000000 0.014214 8049
60176.899462 2241604700.000000 0.018595 8049
60176.899473 2241604702.000000 0.027671 8049
60176.899485 2241604703.000000 0.021922 8049
60176.899497 2241604705.000000 0.022750 8049
60176.899508 2241604707.000000 0.020963 8049
60176.899520 2241604708.000000 0.020047 8049
60176.899531 2241604710.000000 0.021774 8049
60176.899543 2241604711.000000 0.023174 8049
60176.899554 2241604712.000000 0.018257 8049
60176.899566 2241604714.000000 0.023811 8049
60176.899578 2241604715.000000 0.013645 8049
60176.899589 2241604717.000000 0.025859 8049
60176.899601 2241604718.000000 0.017985 8049
60176.899612 2241604720.000000 0.023957 8049
60176.899624 2241604721.000000 0.014377 8049
60176.899635 2241604723.000000 0.020637 8049
60176.899647 2241604725.000000 0.022336 8049
60176.899659 2241604726.000000 0.014046 8049
60176.899670 2241604727.000000 0.019693 8049
60176.899682 2241604729.000000 0.021748 8049
60176.899693 2241604730.000000 0.017495 8049
60176.899705 2241604732.000000 0.017317 8049
60176.899716 2241604733.000000 0.021450 8049
60176.899728 2241604735.000000 0.017235 8049
60176.899740 2241604736.000000 0.024771 8049
60176.899751 2241604738.000000 0.019651 8049
60176.899763 2241604739.000000 0.017340 8049
60176.899774 2241604740.000000 0.027571 8049
60176.899786 2241604742.000000 0.018342 8049
60176.899797 2241604743.000000 0.020070 8049
60176.899809 2241604745.000000 0.019243 8049
60176.899821 2241604746.000000 0.022521 8049
60176.899832 2241604747.000000 0.019703 8049
60176.899844 2241604748.000000 0.016750 8049
60176.899855 2241604750.000000 0.020931 8049
60176.899867 2241604751.000000 0.022690 8049
60176.899878 2241604753.000000 0.019623 8049
60176.899890 2241604754.000000 0.019255 8049
60176.899902 2241604756.000000 0.020229 8049
60176.899913 2241604757.000000 0.023178 8049
60176.899925 2241604758.000000 0.022586 8049
60176.899936 2241604760.000000 0.015844 8049
60176.899948 2241604761.000000 0.026002 8049
60176.899959 2241604762.000000 0.019936 8049
60176.899971 2241604764.000000 0.015031 8049
60176.899983 2241604765.000000 0.025502 8049
60176.899994 2241604766.000000 0.014838 8049
60176.900006 2241604767.000000 0.015688 8049
60176.900017 2241604769.000000 0.015636 8049
60176.900029 2241604770.000000 0.017278 8049
60176.900041 2241604772.000000 0.026707 8049
60176.900052 2241604773.000000 0.017223 8049
60176.900064 2241604774.000000 0.022426 8049
60176.900075 2241604775.000000 0.011067 8049
60176.900087 2241604777.000000 0.018360 8049
60176.900098 2241604778.000000 0.024418 8049
60176.900110 2241604779.000000 0.016562 8049
60176.900122 2241604781.000000 0.015543 8049
60176.900133 2241604782.000000 0.022798 8049
60176.900145 2241604783.000000 0.017342 8049
60176.900156 2241604784.000000 0.024536 8049
60176.900168 2241604785.000000 0.015443 8049
60176.900179 2241604787.000000 0.015308 8049
60176.900191 2241604788.000000 0.022280 8049
60176.900203 2241604789.000000 0.020227 8049
60176.900214 2241604790.000000 0.020125 8049
60176.900226 2241604791.000000 0.015034 8049
60176.900237 2241604793.000000 0.019711 8049
60176.900249 2241604794.000000 0.016726 8049
60176.900260 2241604795.000000 0.019803 8049
60176.900272 2241604796.000000 0.017916 8049
60176.900284 2241604798.000000 0.020130 8049
60176.900295 2241604799.000000 0.027329 8049
60176.900307 2241604800.000000 0.023065 8049
60176.900318 2241604801.000000 0.035204 8049
60176.900330 2241604802.000000 0.028071 8049
60176.900341 2241604803.000000 0.028089 8049
60176.900353 2241604804.000000 0.019841 8049
60176.900365 2241604806.000000 0.016541 8049
60176.900376 2241604807.000000 0.022058 8049
60176.900388 2241604808.000000 0.030133 8049
60176.900399 2241604809.000000 0.015143 8049
60176.900411 2241604810.000000 0.030080 8049
60176.900422 2241604811.000000 0.021267 8049
60176.900434 2241604813.000000 0.011988 8049
60176.900446 2241604813.000000 0.015804 8049
60176.900457 2241604815.000000 0.021664 8049
60176.900469 2241604816.000000 0.021247 8049
60176.900480 2241604817.000000 0.030761 8049
60176.900492 2241604818.000000 0.033572 8049
60176.900503 2241604819.000000 0.024294 8049
60176.900515 2241604820.000000 0.015842 8049
60176.900527 2241604821.000000 0.017221 8049
60176.900538 2241604822.000000 0.028022 8049
60176.900550 2241604823.000000 0.022755 8049
60176.900561 2241604824.000000 0.014359 8049
60176.900573 2241604826.000000 0.017648 8049
60176.900584 2241604827.000000 0.014368 8049
60176.900596 2241604827.000000 0.013306 8049
60176.900608 2241604828.000000 0.014881 8049
60176.900619 2241604830.000000 0.010708 8049
60176.900631 2241604831.000000 0.014780 8049
60176.900642 2241604832.000000 0.022959 8049
60176.900654 2241604833.000000 0.029993 8049
60176.900666 2241604834.000000 0.013699 8049
60176.900677 2241604834.000000 0.018983 8049
60176.900689 2241604836.000000 0.024451 8049
60176.900700 2241604837.000000 0.024722 8049
60176.900712 2241604838.000000 0.016256 8049
60176.900723 2241604839.000000 0.016570 8049
60176.900735 2241604840.000000 0.016437 8049
60176.900747 2241604841.000000 0.017920 8049
60176.900758 2241604842.000000 0.020278 8049
60176.900770 2241604842.000000 0.014884 8049
60176.900781 2241604844.000000 0.010749 8049
60176.900793 2241604844.000000 0.014047 8049
60176.900804 2241604846.000000 0.015233 8049
60176.900816 2241604847.000000 0.014110 8049
60176.900828 2241604848.000000 0.016773 8049
60176.900839 2241604849.000000 0.014494 8049
60176.900851 2241604851.000000 0.021535 8049
60176.900862 2241604852.000000 0.015374 8049
60176.900874 2241604854.000000 0.020364 8049
60176.900885 2241604855.000000 0.018770 8049
60176.900897 2241604856.000000 0.016533 8049
60176.900909 2241604858.000000 0.023236 8049
60176.900920 2241604859.000000 0.026467 8049
60176.900932 2241604860.000000 0.012656 8049
60176.900943 2241604862.000000 0.014369 8049
60176.900955 2241604863.000000 0.021485 8049
60176.900966 2241604864.000000 0.020361 8049
60176.900978 2241604866.000000 0.015464 8049
60176.900990 2241604867.000000 0.013022 8049
60176.901001 2241604869.000000 0.016148 8049
60176.901013 2241604870.000000 0.017025 8049
60176.901024 2241604871.000000 0.019128 8049
60176.901036 2241604872.000000 0.019194 8049
60176.901047 2241604874.000000 0.015979 8049
60176.901059 2241604875.000000 0.021096 8049
60176.901071 2241604876.000000 0.017838 8049
60176.901082 2241604878.000000 0.014901 8049
60176.901094 2241604879.000000 0.024224 8049
60176.901105 2241604880.000000 0.013450 8049
60176.901117 2241604881.000000 0.015208 8049
60176.901128 2241604882.000000 0.016189 8049
60176.901140 2241604884.000000 0.024158 8049
60176.901152 2241604885.000000 0.016367 8049
60176.901163 2241604886.000000 0.014251 8049
60176.901175 2241604888.000000 0.024689 8049
60176.901186 2241604889.000000 0.022073 8049
60176.901198 2241604890.000000 0.017344 8049
60176.901209 2241604892.000000 0.009788 8049
60176.901221 2241604893.000000 0.019154 8049
60176.901233 2241604894.000000 0.019238 8049
60176.901244 2241604895.000000 0.028001 8049
60176.901256 2241604896.000000 0.021981 8049
60176.901267 2241604897.000000 0.011372 8049
60176.901279 2241604899.000000 0.019508 8049
60176.901291 2241604900.000000 0.019608 8049
60176.901302 2241604901.000000 0.030398 8049
60176.901314 2241604902.000000 0.020112 8049
60176.901325 2241604904.000000 0.013793 8049
60176.901337 2241604905.000000 0.013229 8049
60176.901348 2241604906.000000 0.016525 8049
60176.901360 2241604907.000000 0.025160 8049
60176.901372 2241604909.000000 0.021679 8049
60176.901383 2241604909.000000 0.015904 8049
60176.901395 2241604910.000000 0.020658 8049
60176.901406 2241604911.000000 0.016028 8049
60176.901418 2241604912.000000 0.014116 8049
60176.901429 2241604913.000000 0.017822 8049
60176.901441 2241604915.000000 0.015638 8049
60176.901453 2241604916.000000 0.019795 8049
60176.901464 2241604917.000000 0.018561 8049
60176.901476 2241604918.000000 0.015864 8049
60176.901487 2241604919.000000 0.014153 8049
60176.901499 2241604921.000000 0.014553 8049
60176.901510 2241604922.000000 0.020613 8049
60176.901522 2241604923.000000 0.015965 8049
60176.901534 2241604924.000000 0.020883 8049
60176.901545 2241604925.000000 0.024784 8049
60176.901557 2241604926.000000 0.022510 8049
60176.901568 2241604927.000000 0.018411 8049
60176.901580 2241604928.000000 0.014830 8049
60176.901591 2241604929.000000 0.017069 8049
60176.901603 2241604930.000000 0.024819 8049
60176.901615 2241604931.000000 0.025521 8049
60176.901626 2241604932.000000 0.020990 8049
60176.901638 2241604933.000000 0.021839 8049
60176.901649 2241604934.000000 0.023554 8049
60176.901661 2241604935.000000 0.013336 8049
60176.901672 2241604936.000000 0.023465 8049
60176.901684 2241604937.000000 0.021478 8049
60176.901696 2241604938.000000 0.020671 8049
60176.901707 2241604939.000000 0.019637 8049
60176.901719 2241604940.000000 0.023891 8049
60176.901730 2241604941.000000 0.017303 8049
60176.901742 2241604942.000000 0.019325 8049
60176.901753 2241604943.000000 0.019809 8049
60176.901765 2241604944.000000 0.023850 8049
60176.901777 2241604945.000000 0.016232 8049
60176.901788 2241604946.000000 0.021689 8049
60176.901800 2241604947.000000 0.018385 8049
60176.901811 2241604948.000000 0.018552 8049
60176.901823 2241604949.000000 0.024227 8049
60176.901834 2241604950.000000 0.022057 8049
60176.901846 2241604951.000000 0.018102 8049
60176.901858 2241604952.000000 0.018983 8049
60176.901869 2241604953.000000 0.015712 8049
60176.901881 2241604953.000000 0.026215 8049
60176.901892 2241604954.000000 0.022300 8049
60176.901904 2241604955.000000 0.027541 8049
60176.901916 2241604956.000000 0.029648 8049
60176.901927 2241604957.000000 0.017815 8049
60176.901939 2241604957.000000 0.019671 8049
60176.901950 2241604958.000000 0.017168 8049
60176.901962 2241604959.000000 0.013542 8049
60176.901973 2241604960.000000 0.021419 8049
60176.901985 2241604961.000000 0.021677 8049
60176.901997 2241604962.000000 0.025561 8049
60176.902008 2241604963.000000 0.021187 8049
60176.902020 2241604964.000000 0.017358 8049
60176.902031 2241604965.000000 0.014531 8049
60176.902043 2241604965.000000 0.018408 8049
60176.902054 2241604966.000000 0.018072 8049
60176.902066 2241604967.000000 0.023118 8049
60176.902078 2241604968.000000 0.020509 8049
60176.902089 2241604969.000000 0.018962 8049
60176.902101 2241604969.000000 0.023138 8049
60176.902112 2241604970.000000 0.020430 8049
60176.902124 2241604971.000000 0.016769 8049
60176.902135 2241604972.000000 0.020661 8049
60176.902147 2241604973.000000 0.014944 8049
60176.902159 2241604973.000000 0.018884 8049
60176.902170 2241604974.000000 0.023605 8049
60176.902182 2241604975.000000 0.020569 8049
60176.902193 2241604976.000000 0.019280 8049
60176.902205 2241604977.000000 0.016748 8049
60176.902216 2241604977.000000 0.014912 8049
60176.902228 2241604978.000000 0.014285 8049
60176.902240 2241604979.000000 0.020588 8049
60176.902251 2241604980.000000 0.017488 8049
60176.902263 2241604980.000000 0.023016 8049
60176.902274 2241604981.000000 0.022105 8049
60176.902286 2241604982.000000 0.015200 8049
60176.902297 2241604982.000000 0.020528 8049
60176.902309 2241604983.000000 0.028610 8049
60176.902321 2241604984.000000 0.022278 8049
60176.902332 2241604985.000000 0.010087 8049
60176.902344 2241604985.000000 0.022174 8049
60176.902355 2241604986.000000 0.014160 8049
60176.902367 2241604986.000000 0.023302 8049
60176.902378 2241604987.000000 0.025611 8049
60176.902390 2241604988.000000 0.021959 8049
60176.902402 2241604988.000000 0.018298 8049
60176.902413 2241604989.000000 0.018481 8049
60176.902425 2241604989.000000 0.016021 8049
60176.902436 2241604990.000000 0.020757 8049
60176.902448 2241604991.000000 0.029589 8049
60176.902459 2241604991.000000 0.016638 8049
60176.902471 2241604992.000000 0.015386 8049
60176.902483 2241604993.000000 0.017637 8049
60176.902494 2241604993.000000 0.017546 8049
60176.902506 2241604994.000000 0.021226 8049
60176.902517 2241604995.000000 0.012783 8049
60176.902529 2241604995.000000 0.026061 8049
60176.902541 2241604996.000000 0.011770 8049
60176.902552 2241604996.000000 0.024571 8049
60176.902564 2241604997.000000 0.030043 8049
60176.902575 2241604997.000000 0.022154 8049
60176.902587 2241604998.000000 0.012742 8049
60176.902598 2241604999.000000 0.014382 8049
60176.902610 2241604999.000000 0.017084 8049
60176.902622 2241605000.000000 0.017968 8049
60176.902633 2241605000.000000 0.021749 8049
60176.902645 2241605001.000000 0.019152 8049
60176.902656 2241605001.000000 0.019537 8049
60176.902668 2241605002.000000 0.017372 8049
60176.902679 2241605002.000000 0.025237 8049
60176.902691 2241605003.000000 0.016531 8049
60176.902703 2241605003.000000 0.025468 8049
60176.902714 2241605003.000000 0.020549 8049
60176.902726 2241605004.000000 0.024627 8049
60176.902737 2241605005.000000 0.018714 8049
60176.902749 2241605005.000000 0.020895 8049
60176.902760 2241605006.000000 0.020405 8049
60176.902772 2241605006.000000 0.024024 8049
60176.902784 2241605006.000000 0.020634 8049
60176.902795 2241605007.000000 0.021439 8049
60176.902807 2241605007.000000 0.017111 8049
60176.902818 2241605008.000000 0.021079 8049
60176.902830 2241605009.000000 0.026780 8049
60176.902841 2241605010.000000 0.024576 8049
60176.902853 2241605011.000000 0.016291 8049
60176.902865 2241605011.000000 0.021949 8049
60176.902876 2241605013.000000 0.016307 8049
60176.902888 2241605014.000000 0.015233 8049
60176.902899 2241605014.000000 0.017504 8049
60176.902911 2241605015.000000 0.019919 8049
60176.902922 2241605016.000000 0.024933 8049
60176.902934 2241605017.000000 0.016550 8049
60176.902946 2241605017.000000 0.022533 8049
60176.902957 2241605019.000000 0.014034 8049
60176.902969 2241605020.000000 0.026235 8049
60176.902980 2241605020.000000 0.022331 8049
60176.902992 2241605021.000000 0.020776 8049
60176.903003 2241605022.000000 0.017848 8049
60176.903015 2241605023.000000 0.025123 8049
60176.903027 2241605024.000000 0.024620 8049
60176.903038 2241605025.000000 0.020350 8049
60176.903050 2241605025.000000 0.025752 8049
60176.903061 2241605026.000000 0.025711 8049
60176.903073 2241605027.000000 0.023118 8049
60176.903084 2241605028.000000 0.022361 8049
60176.903096 2241605029.000000 0.014966 8049
60176.903108 2241605029.000000 0.023210 8049
60176.903119 2241605030.000000 0.030856 8049
60176.903131 2241605031.000000 0.023300 8049
60176.903142 2241605032.000000 0.019024 8049
60176.903154 2241605033.000000 0.020217 8049
60176.903166 2241605034.000000 0.018042 8049
60176.903177 2241605034.000000 0.022609 8049
60176.903189 2241605035.000000 0.025107 8049
60176.903200 2241605036.000000 0.014867 8049
60176.903212 2241605036.000000 0.017721 8049
60176.903223 2241605037.000000 0.025351 8049
60176.903235 2241605038.000000 0.032062 8049
60176.903247 2241605039.000000 0.021254 8049
60176.903258 2241605039.000000 0.027430 8049
60176.903270 2241605040.000000 0.027153 8049
60176.903281 2241605041.000000 0.029409 8049
60176.903293 2241605042.000000 0.016376 8049
60176.903304 2241605042.000000 0.019787 8049
60176.903316 2241605043.000000 0.020229 8049
60176.903328 2241605043.000000 0.018921 8049
60176.903339 2241605044.000000 0.020300 8049
60176.903351 2241605045.000000 0.017442 8049
60176.903362 2241605045.000000 0.014666 8049
60176.903374 2241605046.000000 0.022990 8049
60176.903385 2241605047.000000 0.016981 8049
60176.903397 2241605048.000000 0.017365 8049
60176.903409 2241605048.000000 0.021599 8049
60176.903420 2241605049.000000 0.029450 8049
60176.903432 2241605049.000000 0.013201 8049
60176.903443 2241605050.000000 0.020325 8049
60176.903455 2241605050.000000 0.017485 8049
60176.903466 2241605051.000000 0.019912 8049
60176.903478 2241605052.000000 0.015279 8049
60176.903490 2241605053.000000 0.019135 8049
60176.903501 2241605053.000000 0.017295 8049
60176.903513 2241605054.000000 0.018294 8049
60176.903524 2241605054.000000 0.025078 8049
60176.903536 2241605055.000000 0.023534 8049
60176.903547 2241605055.000000 0.019061 8049
60176.903559 2241605056.000000 0.023456 8049
60176.903571 2241605056.000000 0.017975 8049
60176.903582 2241605057.000000 0.017616 8049
60176.903594 2241605057.000000 0.015505 8049
60176.903605 2241605058.000000 0.013078 8049
60176.903617 2241605059.000000 0.015085 8049
60176.903628 2241605059.000000 0.017322 8049
60176.903640 2241605060.000000 0.015346 8049
60176.903652 2241605061.000000 0.013984 8049
60176.903663 2241605061.000000 0.015864 8049
60176.903675 2241605061.000000 0.017559 8049
60176.903686 2241605062.000000 0.018013 8049
60176.903698 2241605062.000000 0.019807 8049
60176.903709 2241605063.000000 0.012154 8049
60176.903721 2241605063.000000 0.016328 8049
60176.903733 2241605064.000000 0.012134 8049
60176.903744 2241605064.000000 0.018322 8049
60176.903756 2241605065.000000 0.017887 8049
60176.903767 2241605065.000000 0.020581 8049
60176.903779 2241605066.000000 0.017214 8049
60176.903791 2241605066.000000 0.017403 8049
60176.903802 2241605067.000000 0.016409 8049
60176.903814 2241605067.000000 0.015608 8049
60176.903825 2241605068.000000 0.015909 8049
60176.903837 2241605068.000000 0.018974 8049
60176.903848 2241605068.000000 0.018489 8049
60176.903860 2241605069.000000 0.019171 8049
60176.903872 2241605069.000000 0.016511 8049
60176.903883 2241605069.000000 0.021455 8049
60176.903895 2241605070.000000 0.016720 8049
60176.903906 2241605070.000000 0.015857 8049
60176.903918 2241605071.000000 0.018571 8049
60176.903929 2241605071.000000 0.019244 8049
60176.903941 2241605071.000000 0.015940 8049
60176.903953 2241605072.000000 0.021760 8049
60176.903964 2241605072.000000 0.019820 8049
60176.903976 2241605072.000000 0.021407 8049
60176.903987 2241605073.000000 0.025197 8049
60176.903999 2241605073.000000 0.022461 8049
60176.904010 2241605073.000000 0.022650 8049
60176.904022 2241605074.000000 0.019221 8049
60176.904034 2241605074.000000 0.022032 8049
60176.904045 2241605075.000000 0.014290 8049
60176.904057 2241605075.000000 0.016522 8049
60176.904068 2241605075.000000 0.023442 8049
60176.904080 2241605076.000000 0.012015 8049
60176.904091 2241605076.000000 0.024056 8049
60176.904103 2241605076.000000 0.018149 8049
60176.904115 2241605076.000000 0.018627 8049
60176.904126 2241605077.000000 0.013737 8049
60176.904138 2241605077.000000 0.025682 8049
60176.904149 2241605077.000000 0.019514 8049
60176.904161 2241605078.000000 0.016844 8049
60176.904172 2241605077.000000 0.009146 8049
60176.904184 2241605078.000000 0.018458 8049
60176.904196 2241605078.000000 0.020842 8049
60176.904207 2241605078.000000 0.014929 8049
60176.904219 2241605079.000000 0.019354 8049
60176.904230 2241605079.000000 0.021061 8049
60176.904242 2241605079.000000 0.022344 8049
60176.904253 2241605079.000000 0.016976 8049
60176.904265 2241605079.000000 0.017918 8049
60176.904277 2241605080.000000 0.022353 8049
60176.904288 2241605080.000000 0.015438 8049
60176.904300 2241605080.000000 0.019299 8049
60176.904311 2241605080.000000 0.021157 8049
60176.904323 2241605081.000000 0.014208 8049
60176.904334 2241605081.000000 0.014188 8049
60176.904346 2241605081.000000 0.018521 8049
60176.904358 2241605081.000000 0.021446 8049
60176.904369 2241605081.000000 0.020806 8049
60176.904381 2241605081.000000 0.018521 8049
60176.904392 2241605081.000000 0.016587 8049
60176.904404 2241605081.000000 0.016283 8049
60176.904416 2241605082.000000 0.014490 8049
60176.904427 2241605082.000000 0.022845 8049
60176.904439 2241605082.000000 0.013984 8049
60176.904450 2241605082.000000 0.018815 8049
60176.904462 2241605083.000000 0.019321 8049
60176.904473 2241605082.000000 0.016570 8049
60176.904485 2241605082.000000 0.026292 8049
60176.904497 2241605083.000000 0.015025 8049
60176.904508 2241605082.000000 0.013998 8049
60176.904520 2241605083.000000 0.018706 8049
60176.904531 2241605083.000000 0.016659 8049
60176.904543 2241605082.000000 0.017393 8049
60176.904554 2241605083.000000 0.028152 8049
60176.904566 2241605083.000000 0.019893 8049
60176.904578 2241605083.000000 0.022422 8049
60176.904589 2241605083.000000 0.019239 8049
60176.904601 2241605083.000000 0.016915 8049
60176.904612 2241605083.000000 0.020328 8049
60176.904624 2241605083.000000 0.025561 8049
60176.904635 2241605083.000000 0.023212 8049
60176.904647 2241605083.000000 0.019388 8049
60176.904659 2241605083.000000 0.027200 8049
60176.904670 2241605083.000000 0.018245 8049
60176.904682 2241605083.000000 0.020144 8049
60176.904693 2241605083.000000 0.023698 8049
60176.904705 2241605083.000000 0.014489 8049
60176.904716 2241605083.000000 0.022200 8049
60176.904728 2241605083.000000 0.018665 8049
60176.904740 2241605083.000000 0.027491 8049
60176.904751 2241605083.000000 0.026833 8049
60176.904763 2241605083.000000 0.019760 8049
60176.904774 2241605083.000000 0.016850 8049
60176.904786 2241605082.000000 0.016685 8049
60176.904797 2241605083.000000 0.017852 8049
60176.904809 2241605083.000000 0.020598 8049
60176.904821 2241605084.000000 0.019214 8049
60176.904832 2241605084.000000 0.013722 8049
60176.904844 2241605084.000000 0.018064 8049
60176.904855 2241605085.000000 0.026728 8049
60176.904867 2241605085.000000 0.022925 8049
60176.904878 2241605086.000000 0.021049 8049
60176.904890 2241605086.000000 0.026050 8049
60176.904902 2241605087.000000 0.022086 8049
60176.904913 2241605087.000000 0.020212 8049
60176.904925 2241605087.000000 0.031222 8049
60176.904936 2241605087.000000 0.018000 8049
60176.904948 2241605088.000000 0.021959 8049
60176.904959 2241605088.000000 0.022750 8049
60176.904971 2241605089.000000 0.015289 8049
60176.904983 2241605089.000000 0.026667 8049
60176.904994 2241605089.000000 0.023154 8049
60176.905006 2241605090.000000 0.012671 8049
60176.905017 2241605090.000000 0.023186 8049
60176.905029 2241605090.000000 0.017571 8049
60176.905041 2241605091.000000 0.022285 8049
60176.905052 2241605091.000000 0.025840 8049
60176.905064 2241605091.000000 0.022397 8049
60176.905075 2241605091.000000 0.023624 8049
60176.905087 2241605092.000000 0.017054 8049
60176.905098 2241605092.000000 0.020473 8049
60176.905110 2241605093.000000 0.025123 8049
60176.905122 2241605093.000000 0.016130 8049
60176.905133 2241605093.000000 0.024589 8049
60176.905145 2241605093.000000 0.024653 8049
60176.905156 2241605094.000000 0.019910 8049
60176.905168 2241605094.000000 0.024162 8049
60176.905179 2241605094.000000 0.025089 8049
60176.905191 2241605094.000000 0.019860 8049
60176.905203 2241605094.000000 0.014007 8049
60176.905214 2241605095.000000 0.018024 8049
60176.905226 2241605095.000000 0.019934 8049
60176.905237 2241605095.000000 0.024620 8049
60176.905249 2241605095.000000 0.026406 8049
60176.905260 2241605095.000000 0.016741 8049
60176.905272 2241605096.000000 0.023333 8049
60176.905284 2241605096.000000 0.019951 8049
60176.905295 2241605096.000000 0.022166 8049
60176.905307 2241605096.000000 0.025822 8049
60176.905318 2241605096.000000 0.024154 8049
60176.905330 2241605097.000000 0.014021 8049
60176.905341 2241605097.000000 0.025947 8049
60176.905353 2241605097.000000 0.017730 8049
60176.905365 2241605097.000000 0.017322 8049
60176.905376 2241605097.000000 0.023040 8049
60176.905388 2241605097.000000 0.029898 8049
60176.905399 2241605097.000000 0.031406 8049
60176.905411 2241605098.000000 0.020105 8049
60176.905422 2241605098.000000 0.024256 8049
60176.905434 2241605098.000000 0.023961 8049
60176.905446 2241605098.000000 0.023234 8049
60176.905457 2241605098.000000 0.017790 8049
60176.905469 2241605098.000000 0.027006 8049
60176.905480 2241605098.000000 0.025853 8049
60176.905492 2241605098.000000 0.016007 8049
60176.905503 2241605098.000000 0.021867 8049
60176.905515 2241605098.000000 0.021632 8049
60176.905527 2241605098.000000 0.021550 8049
60176.905538 2241605099.000000 0.013853 8049
60176.905550 2241605098.000000 0.021413 8049
60176.905561 2241605098.000000 0.019125 8049
60176.905573 2241605098.000000 0.018200 8049
60176.905584 2241605098.000000 0.024978 8049
60176.905596 2241605098.000000 0.026534 8049
60176.905608 2241605098.000000 0.017217 8049
60176.905619 2241605099.000000 0.019887 8049
60176.905631 2241605099.000000 0.014413 8049
60176.905642 2241605099.000000 0.016507 8049
60176.905654 2241605099.000000 0.024799 8049
60176.905666 2241605098.000000 0.016650 8049
60176.905677 2241605098.000000 0.027446 8049
60176.905689 2241605098.000000 0.016667 8049
60176.905700 2241605098.000000 0.026443 8049
60176.905712 2241605098.000000 0.014660 8049
60176.905723 2241605098.000000 0.016975 8049
60176.905735 2241605098.000000 0.019090 8049
60176.905747 2241605098.000000 0.017347 8049
60176.905758 2241605098.000000 0.026559 8049
60176.905770 2241605098.000000 0.019955 8049
60176.905781 2241605098.000000 0.018060 8049
60176.905793 2241605098.000000 0.024459 8049
60176.905804 2241605098.000000 0.021317 8049
60176.905816 2241605098.000000 0.015960 8049
60176.905828 2241605098.000000 0.015035 8049
60176.905839 2241605097.000000 0.016035 8049
60176.905851 2241605097.000000 0.024064 8049
60176.905862 2241605097.000000 0.025229 8049
60176.905874 2241605097.000000 0.020705 8049
60176.905885 2241605097.000000 0.017992 8049
60176.905897 2241605097.000000 0.016748 8049
60176.905909 2241605097.000000 0.023550 8049
60176.905920 2241605097.000000 0.018364 8049
60176.905932 2241605096.000000 0.022975 8049
60176.905943 2241605096.000000 0.021955 8049
60176.905955 2241605096.000000 0.016273 8049
60176.905966 2241605096.000000 0.015395 8049
60176.905978 2241605096.000000 0.019188 8049
60176.905990 2241605095.000000 0.025975 8049
60176.906001 2241605095.000000 0.024383 8049
60176.906013 2241605095.000000 0.022309 8049
60176.906024 2241605095.000000 0.020251 8049
60176.906036 2241605095.000000 0.021606 8049
60176.906047 2241605094.000000 0.017783 8049
60176.906059 2241605094.000000 0.021667 8049
60176.906071 2241605094.000000 0.017102 8049
60176.906082 2241605093.000000 0.022659 8049
60176.906094 2241605094.000000 0.015174 8049
60176.906105 2241605093.000000 0.022579 8049
60176.906117 2241605093.000000 0.021661 8049
60176.906128 2241605093.000000 0.023531 8049
60176.906140 2241605092.000000 0.022251 8049
60176.906152 2241605092.000000 0.021554 8049
60176.906163 2241605092.000000 0.025494 8049
60176.906175 2241605091.000000 0.017231 8049
60176.906186 2241605091.000000 0.017479 8049
60176.906198 2241605091.000000 0.020341 8049
60176.906209 2241605091.000000 0.023776 8049
60176.906221 2241605090.000000 0.019259 8049
60176.906233 2241605090.000000 0.025989 8049
60176.906244 2241605090.000000 0.030887 8049
60176.906256 2241605089.000000 0.021369 8049
60176.906267 2241605089.000000 0.024412 8049
60176.906279 2241605089.000000 0.017477 8049
60176.906291 2241605088.000000 0.027426 8049
60176.906302 2241605088.000000 0.026289 8049
60176.906314 2241605088.000000 0.020291 8049
60176.906325 2241605087.000000 0.028989 8049
60176.906337 2241605087.000000 0.020259 8049
60176.906348 2241605087.000000 0.015363 8049
60176.906360 2241605086.000000 0.023785 8049
60176.906372 2241605086.000000 0.024207 8049
60176.906383 2241605085.000000 0.020260 8049
60176.906395 2241605085.000000 0.024935 8049
60176.906406 2241605085.000000 0.025965 8049
60176.906418 2241605084.000000 0.018862 8049
60176.906429 2241605084.000000 0.019329 8049
60176.906441 2241605083.000000 0.019732 8049
60176.906453 2241605083.000000 0.020887 8049
60176.906464 2241605083.000000 0.023833 8049
60176.906476 2241605082.000000 0.018386 8049
60176.906487 2241605082.000000 0.021903 8049
60176.906499 2241605081.000000 0.017127 8049
60176.906510 2241605080.000000 0.014714 8049
60176.906522 2241605080.000000 0.029332 8049
60176.906534 2241605080.000000 0.022671 8049
60176.906545 2241605079.000000 0.029258 8049
60176.906557 2241605079.000000 0.014277 8049
60176.906568 2241605078.000000 0.014905 8049
60176.906580 2241605078.000000 0.035777 8049
60176.906591 2241605077.000000 0.018230 8049
60176.906603 2241605077.000000 0.016067 8049
60176.906615 2241605076.000000 0.018889 8049
60176.906626 2241605076.000000 0.019721 8049
60176.906638 2241605075.000000 0.015459 8049
60176.906649 2241605074.000000 0.015797 8049
60176.906661 2241605074.000000 0.025063 8049
60176.906672 2241605074.000000 0.013327 8049
60176.906684 2241605073.000000 0.017476 8049
60176.906696 2241605072.000000 0.015753 8049
60176.906707 2241605072.000000 0.017986 8049
60176.906719 2241605072.000000 0.014635 8049
60176.906730 2241605072.000000 0.015871 8049
60176.906742 2241605071.000000 0.019077 8049
60176.906753 2241605071.000000 0.021976 8049
60176.906765 2241605071.000000 0.020028 8049
60176.906777 2241605071.000000 0.028189 8049
60176.906788 2241605071.000000 0.028043 8049
60176.906800 2241605071.000000 0.028679 8049
60176.906811 2241605071.000000 0.030775 8049
60176.906823 2241605071.000000 0.014927 8049
60176.906834 2241605070.000000 0.017612 8049
60176.906846 2241605070.000000 0.030641 8049
60176.906858 2241605070.000000 0.020325 8049
60176.906869 2241605070.000000 0.021661 8049
60176.906881 2241605070.000000 0.017776 8049
60176.906892 2241605070.000000 0.015243 8049
60176.906904 2241605070.000000 0.014607 8049
60176.906916 2241605069.000000 0.022098 8049
60176.906927 2241605069.000000 0.017701 8049
60176.906939 2241605069.000000 0.016384 8049
60176.906950 2241605069.000000 0.026106 8049
60176.906962 2241605069.000000 0.019299 8049
60176.906973 2241605068.000000 0.020692 8049
60176.906985 2241605068.000000 0.019366 8049
60176.906997 2241605068.000000 0.019320 8049
60176.907008 2241605068.000000 0.026414 8049
60176.907020 2241605068.000000 0.037619 8049
60176.907031 2241605067.000000 0.026137 8049
60176.907043 2241605067.000000 0.019569 8049
60176.907054 2241605067.000000 0.020555 8049
60176.907066 2241605067.000000 0.020721 8049
60176.907078 2241605066.000000 0.013858 8049
60176.907089 2241605066.000000 0.024576 8049
60176.907101 2241605066.000000 0.021776 8049
60176.907112 2241605066.000000 0.023078 8049
60176.907124 2241605065.000000 0.015516 8049
60176.907135 2241605065.000000 0.018385 8049
60176.907147 2241605064.000000 0.023677 8049
60176.907159 2241605064.000000 0.022289 8049
60176.907170 2241605064.000000 0.024730 8049
60176.907182 2241605063.000000 0.013726 8049
60176.907193 2241605064.000000 0.020008 8049
60176.907205 2241605063.000000 0.020374 8049
60176.907216 2241605063.000000 0.020066 8049
60176.907228 2241605062.000000 0.016180 8049
60176.907240 2241605062.000000 0.018858 8049
60176.907251 2241605062.000000 0.015025 8049
60176.907263 2241605061.000000 0.016824 8049
60176.907274 2241605061.000000 0.015078 8049
60176.907286 2241605060.000000 0.013314 8049
60176.907297 2241605060.000000 0.014818 8049
60176.907309 2241605060.000000 0.014543 8049
60176.907321 2241605060.000000 0.021418 8049
60176.907332 2241605060.000000 0.014798 8049
60176.907344 2241605059.000000 0.017482 8049
60176.907355 2241605058.000000 0.015090 8049
60176.907367 2241605058.000000 0.019390 8049
60176.907378 2241605058.000000 0.019841 8049
60176.907390 2241605057.000000 0.017436 8049
60176.907402 2241605057.000000 0.026577 8049
60176.907413 2241605056.000000 0.021752 8049
60176.907425 2241605056.000000 0.021910 8049
60176.907436 2241605055.000000 0.017757 8049
60176.907448 2241605055.000000 0.015826 8049
60176.907459 2241605054.000000 0.018029 8049
60176.907471 2241605054.000000 0.020526 8049
60176.907483 2241605053.000000 0.021284 8049
60176.907494 2241605053.000000 0.021331 8049
60176.907506 2241605053.000000 0.018764 8049
60176.907517 2241605052.000000 0.028524 8049
60176.907529 2241605051.000000 0.022352 8049
60176.907541 2241605051.000000 0.016458 8049
60176.907552 2241605051.000000 0.013839 8049
60176.907564 2241605050.000000 0.018499 8049
60176.907575 2241605049.000000 0.019978 8049
60176.907587 2241605049.000000 0.017970 8049
60176.907598 2241605048.000000 0.022635 8049
60176.907610 2241605048.000000 0.021730 8049
60176.907622 2241605047.000000 0.024722 8049
60176.907633 2241605047.000000 0.018042 8049
60176.907645 2241605046.000000 0.019243 8049
60176.907656 2241605046.000000 0.026711 8049
60176.907668 2241605045.000000 0.027088 8049
60176.907679 2241605045.000000 0.017890 8049
60176.907691 2241605044.000000 0.021955 8049
60176.907703 2241605043.000000 0.025332 8049
60176.907714 2241605042.000000 0.015692 8049
60176.907726 2241605042.000000 0.022434 8049
60176.907737 2241605041.000000 0.023550 8049
60176.907749 2241605041.000000 0.021494 8049
60176.907760 2241605040.000000 0.024100 8049
60176.907772 2241605039.000000 0.021434 8049
60176.907784 2241605039.000000 0.022067 8049
60176.907795 2241605038.000000 0.019326 8049
60176.907807 2241605038.000000 0.035275 8049
60176.907818 2241605037.000000 0.027278 8049
60176.907830 2241605036.000000 0.018738 8049
60176.907841 2241605036.000000 0.016795 8049
60176.907853 2241605035.000000 0.021647 8049
60176.907865 2241605034.000000 0.022601 8049
60176.907876 2241605034.000000 0.024332 8049
60176.907888 2241605033.000000 0.026575 8049
60176.907899 2241605032.000000 0.016316 8049
60176.907911 2241605031.000000 0.022593 8049
60176.907922 2241605031.000000 0.026061 8049
60176.907934 2241605030.000000 0.022643 8049
60176.907946 2241605029.000000 0.016651 8049
60176.907957 2241605029.000000 0.017017 8049
60176.907969 2241605028.000000 0.022230 8049
60176.907980 2241605027.000000 0.022422 8049
60176.907992 2241605026.000000 0.017527 8049
60176.908003 2241605026.000000 0.019086 8049
60176.908015 2241605025.000000 0.024904 8049
60176.908027 2241605024.000000 0.014641 8049
60176.908038 2241605023.000000 0.018935 8049
60176.908050 2241605023.000000 0.021258 8049
60176.908061 2241605022.000000 0.015464 8049
60176.908073 2241605021.000000 0.024330 8049
60176.908084 2241605020.000000 0.020799 8049
60176.908096 2241605019.000000 0.010788 8049
60176.908108 2241605019.000000 0.022784 8049
60176.908119 2241605018.000000 0.025230 8049
60176.908131 2241605017.000000 0.017093 8049
60176.908142 2241605016.000000 0.016823 8049
60176.908154 2241605016.000000 0.014446 8049
60176.908166 2241605014.000000 0.016671 8049
60176.908177 2241605014.000000 0.013567 8049
60176.908189 2241605013.000000 0.020349 8049
60176.908200 2241605012.000000 0.024315 8049
60176.908212 2241605011.000000 0.021611 8049
60176.908223 2241605010.000000 0.023809 8049
60176.908235 2241605009.000000 0.020986 8049
60176.908247 2241605008.000000 0.019006 8049
60176.908258 2241605008.000000 0.013532 8049
60176.908270 2241605007.000000 0.021515 8049
60176.908281 2241605006.000000 0.014605 8049
60176.908293 2241605005.000000 0.031583 8049
60176.908304 2241605004.000000 0.017776 8049
60176.908316 2241605003.000000 0.026539 8049
60176.908328 2241605002.000000 0.022274 8049
60176.908339 2241605001.000000 0.020475 8049
60176.908351 2241605000.000000 0.028849 8049
60176.908362 2241604999.000000 0.021703 8049
60176.908374 2241604998.000000 0.014985 8049
60176.908385 2241604998.000000 0.018967 8049
60176.908397 2241604997.000000 0.018974 8049
60176.908409 2241604996.000000 0.020035 8049
60176.908420 2241604995.000000 0.014502 8049
60176.908432 2241604994.000000 0.023458 8049
60176.908443 2241604993.000000 0.024633 8049
60176.908455 2241604992.000000 0.020441 8049
60176.908466 2241604991.000000 0.017303 8049
60176.908478 2241604990.000000 0.014926 8049
60176.908490 2241604988.000000 0.016584 8049
60176.908501 2241604987.000000 0.017319 8049
60176.908513 2241604986.000000 0.018250 8049
60176.908524 2241604985.000000 0.024482 8049
60176.908536 2241604984.000000 0.029648 8049
60176.908547 2241604983.000000 0.015885 8049
60176.908559 2241604982.000000 0.029008 8049
60176.908571 2241604981.000000 0.016059 8049
60176.908582 2241604980.000000 0.015317 8049
60176.908594 2241604979.000000 0.026196 8049
60176.908605 2241604978.000000 0.026154 8049
60176.908617 2241604977.000000 0.026558 8049
60176.908628 2241604976.000000 0.021790 8049
60176.908640 2241604976.000000 0.023225 8049
60176.908652 2241604975.000000 0.015512 8049
60176.908663 2241604975.000000 0.019202 8049
60176.908675 2241604974.000000 0.021678 8049
60176.908686 2241604973.000000 0.023204 8049
60176.908698 2241604972.000000 0.019221 8049
60176.908709 2241604972.000000 0.021657 8049
60176.908721 2241604971.000000 0.031711 8049
60176.908733 2241604971.000000 0.022860 8049
60176.908744 2241604970.000000 0.029057 8049
60176.908756 2241604969.000000 0.021744 8049
60176.908767 2241604969.000000 0.014994 8049
60176.908779 2241604968.000000 0.019582 8049
60176.908791 2241604967.000000 0.021095 8049
60176.908802 2241604967.000000 0.019646 8049
60176.908814 2241604966.000000 0.026419 8049
60176.908825 2241604966.000000 0.014180 8049
60176.908837 2241604965.000000 0.020771 8049
60176.908848 2241604964.000000 0.025698 8049
60176.908860 2241604963.000000 0.020143 8049
60176.908872 2241604963.000000 0.024329 8049
60176.908883 2241604962.000000 0.023946 8049
60176.908895 2241604961.000000 0.022380 8049
60176.908906 2241604961.000000 0.016302 8049
60176.908918 2241604960.000000 0.025032 8049
60176.908929 2241604959.000000 0.022782 8049
60176.908941 2241604958.000000 0.018166 8049
60176.908953 2241604958.000000 0.020505 8049
60176.908964 2241604957.000000 0.020125 8049
60176.908976 2241604956.000000 0.032837 8049
60176.908987 2241604955.000000 0.019331 8049
60176.908999 2241604954.000000 0.015913 8049
60176.909010 2241604954.000000 0.018719 8049
60176.909022 2241604953.000000 0.019263 8049
60176.909034 2241604952.000000 0.026059 8049
60176.909045 2241604951.000000 0.021501 8049
60176.909057 2241604951.000000 0.023435 8049
60176.909068 2241604950.000000 0.026218 8049
60176.909080 2241604949.000000 0.023953 8049
60176.909091 2241604948.000000 0.035552 8049
60176.909103 2241604947.000000 0.023887 8049
60176.909115 2241604947.000000 0.027663 8049
60176.909126 2241604946.000000 0.019853 8049
60176.909138 2241604945.000000 0.024099 8049
60176.909149 2241604944.000000 0.022586 8049
60176.909161 2241604942.000000 0.012604 8049
60176.909172 2241604942.000000 0.022362 8049
60176.909184 2241604941.000000 0.021437 8049
60176.909196 2241604940.000000 0.017815 8049
60176.909207 2241604940.000000 0.013866 8049
60176.909219 2241604938.000000 0.013342 8049
60176.909230 2241604938.000000 0.018679 8049
60176.909242 2241604937.000000 0.016025 8049
60176.909253 2241604936.000000 0.021238 8049
60176.909265 2241604935.000000 0.022078 8049
60176.909277 2241604934.000000 0.027984 8049
60176.909288 2241604933.000000 0.010438 8049
60176.909300 2241604932.000000 0.019759 8049
60176.909311 2241604931.000000 0.019223 8049
60176.909323 2241604930.000000 0.015465 8049
60176.909334 2241604929.000000 0.014779 8049
60176.909346 2241604928.000000 0.013906 8049
60176.909358 2241604927.000000 0.021792 8049
60176.909369 2241604926.000000 0.015031 8049
60176.909381 2241604925.000000 0.017897 8049
60176.909392 2241604925.000000 0.017214 8049
60176.909404 2241604923.000000 0.014033 8049
60176.909416 2241604923.000000 0.014123 8049
60176.909427 2241604921.000000 0.016736 8049
60176.909439 2241604921.000000 0.026321 8049
60176.909450 2241604920.000000 0.019634 8049
60176.909462 2241604919.000000 0.020656 8049
60176.909473 2241604918.000000 0.018832 8049
60176.909485 2241604916.000000 0.013371 8049
60176.909497 2241604915.000000 0.014048 8049
60176.909508 2241604914.000000 0.022505 8049
60176.909520 2241604913.000000 0.019863 8049
60176.909531 2241604912.000000 0.020777 8049
60176.909543 2241604911.000000 0.023681 8049
60176.909554 2241604910.000000 0.018749 8049
60176.909566 2241604909.000000 0.019370 8049
60176.909578 2241604908.000000 0.021042 8049
60176.909589 2241604907.000000 0.020146 8049
60176.909601 2241604906.000000 0.020882 8049
60176.909612 2241604904.000000 0.012893 8049
60176.909624 2241604903.000000 0.012293 8049
60176.909635 2241604902.000000 0.018352 8049
60176.909647 2241604901.000000 0.014968 8049
60176.909659 2241604900.000000 0.018559 8049
60176.909670 2241604899.000000 0.025869 8049
60176.909682 2241604898.000000 0.016804 8049
60176.909693 2241604897.000000 0.011065 8049
60176.909705 2241604895.000000 0.007982 8049
60176.909716 2241604894.000000 0.013146 8049
60176.909728 2241604893.000000 0.014995 8049
60176.909740 2241604892.000000 0.013763 8049
60176.909751 2241604891.000000 0.017702 8049
60176.909763 2241604890.000000 0.010134 8049
60176.909774 2241604888.000000 0.013079 8049
60176.909786 2241604887.000000 0.017578 8049
60176.909797 2241604886.000000 0.021721 8049
60176.909809 2241604885.000000 0.020834 8049
60176.909821 2241604884.000000 0.012925 8049
60176.909832 2241604883.000000 0.015329 8049
60176.909844 2241604881.000000 0.012719 8049
60176.909855 2241604880.000000 0.022512 8049
60176.909867 2241604879.000000 0.014229 8049
60176.909878 2241604878.000000 0.019702 8049
60176.909890 2241604876.000000 0.018126 8049
60176.909902 2241604875.000000 0.023858 8049
60176.909913 2241604874.000000 0.018221 8049
60176.909925 2241604872.000000 0.014565 8049
60176.909936 2241604871.000000 0.015043 8049
60176.909948 2241604870.000000 0.019268 8049
60176.909959 2241604869.000000 0.019804 8049
60176.909971 2241604867.000000 0.020965 8049
60176.909983 2241604866.000000 0.018567 8049
60176.909994 2241604865.000000 0.021645 8049
60176.910006 2241604864.000000 0.013796 8049
60176.910017 2241604862.000000 0.020935 8049
60176.910029 2241604861.000000 0.012098 8049
60176.910041 2241604860.000000 0.013200 8049
60176.910052 2241604858.000000 0.010184 8049
60176.910064 2241604857.000000 0.019047 8049
60176.910075 2241604856.000000 0.018353 8049
60176.910087 2241604855.000000 0.009693 8049
60176.910098 2241604853.000000 0.016728 8049
60176.910110 2241604852.000000 0.020117 8049
60176.910122 2241604850.000000 0.016257 8049
60176.910133 2241604849.000000 0.016605 8049
60176.910145 2241604847.000000 0.020247 8049
60176.910156 2241604846.000000 0.018167 8049
60176.910168 2241604844.000000 0.027888 8049
60176.910179 2241604843.000000 0.017953 8049
60176.910191 2241604842.000000 0.016819 8049
60176.910203 2241604840.000000 0.012234 8049
60176.910214 2241604839.000000 0.023801 8049
60176.910226 2241604838.000000 0.017242 8049
60176.910237 2241604836.000000 0.018851 8049
60176.910249 2241604834.000000 0.014634 8049
60176.910260 2241604833.000000 0.015569 8049
60176.910272 2241604832.000000 0.010915 8049
60176.910284 2241604830.000000 0.025422 8049
60176.910295 2241604829.000000 0.010711 8049
60176.910307 2241604827.000000 0.024444 8049
60176.910318 2241604826.000000 0.016606 8049
60176.910330 2241604825.000000 0.019314 8049
60176.910341 2241604823.000000 0.017010 8049
60176.910353 2241604821.000000 0.019883 8049
60176.910365 2241604820.000000 0.020502 8049
60176.910376 2241604819.000000 0.012852 8049
60176.910388 2241604817.000000 0.013066 8049
60176.910399 2241604815.000000 0.011246 8049
60176.910411 2241604814.000000 0.023172 8049
60176.910422 2241604812.000000 0.018828 8049
60176.910434 2241604811.000000 0.022693 8049
60176.910446 2241604809.000000 0.017125 8049
60176.910457 2241604808.000000 0.018198 8049
60176.910469 2241604806.000000 0.024019 8049
60176.910480 2241604805.000000 0.018765 8049
60176.910492 2241604803.000000 0.021662 8049
60176.910503 2241604802.000000 0.017113 8049
60176.910515 2241604800.000000 0.022440 8049
60176.910527 2241604798.000000 0.011377 8049
60176.910538 2241604797.000000 0.013045 8049
60176.910550 2241604795.000000 0.013890 8049
60176.910561 2241604794.000000 0.027937 8049
60176.910573 2241604793.000000 0.017929 8049
60176.910584 2241604792.000000 0.021814 8049
60176.910596 2241604791.000000 0.023823 8049
60176.910608 2241604790.000000 0.029335 8049
60176.910619 2241604789.000000 0.022499 8049
60176.910631 2241604788.000000 0.018577 8049
60176.910642 2241604786.000000 0.015015 8049
60176.910654 2241604785.000000 0.025234 8049
60176.910666 2241604784.000000 0.016070 8049
60176.910677 2241604783.000000 0.028586 8049
60176.910689 2241604782.000000 0.026486 8049
60176.910700 2241604781.000000 0.020336 8049
60176.910712 2241604780.000000 0.024366 8049
60176.910723 2241604778.000000 0.023357 8049
60176.910735 2241604777.000000 0.024357 8049
60176.910747 2241604776.000000 0.026828 8049
60176.910758 2241604775.000000 0.021381 8049
60176.910770 2241604774.000000 0.019894 8049
60176.910781 2241604772.000000 0.014900 8049
60176.910793 2241604771.000000 0.029506 8049
60176.910804 2241604770.000000 0.031688 8049
60176.910816 2241604769.000000 0.016229 8049
60176.910828 2241604767.000000 0.017036 8049
60176.910839 2241604766.000000 0.016307 8049
60176.910851 2241604765.000000 0.022597 8049
60176.910862 2241604764.000000 0.025015 8049
60176.910874 2241604762.000000 0.016816 8049
60176.910885 2241604761.000000 0.022129 8049
60176.910897 2241604760.000000 0.017199 8049
60176.910909 2241604759.000000 0.017469 8049
60176.910920 2241604757.000000 0.027674 8049
60176.910932 2241604756.000000 0.026788 8049
60176.910943 2241604755.000000 0.016568 8049
60176.910955 2241604754.000000 0.021729 8049
60176.910966 2241604752.000000 0.020135 8049
60176.910978 2241604751.000000 0.023871 8049
60176.910990 2241604749.000000 0.020270 8049
60176.911001 2241604748.000000 0.025633 8049
60176.911013 2241604747.000000 0.021397 8049
60176.911024 2241604746.000000 0.024893 8049
60176.911036 2241604744.000000 0.031115 8049
60176.911047 2241604743.000000 0.028546 8049
60176.911059 2241604741.000000 0.025473 8049
60176.911071 2241604740.000000 0.025687 8049
60176.911082 2241604739.000000 0.021334 8049
60176.911094 2241604737.000000 0.016503 8049
60176.911105 2241604736.000000 0.023191 8049
60176.911117 2241604735.000000 0.026018 8049
60176.911128 2241604733.000000 0.021400 8049
60176.911140 2241604732.000000 0.023866 8049
60176.911152 2241604730.000000 0.015828 8049
60176.911163 2241604729.000000 0.022305 8049
60176.911175 2241604728.000000 0.021547 8049
60176.911186 2241604726.000000 0.019257 8049
60176.911198 2241604725.000000 0.025288 8049
60176.911209 2241604723.000000 0.013735 8049
60176.911221 2241604722.000000 0.034242 8049
60176.911233 2241604721.000000 0.010897 8049
60176.911244 2241604719.000000 0.028710 8049
60176.911256 2241604717.000000 0.027449 8049
60176.911267 2241604716.000000 0.023523 8049
60176.911279 2241604714.000000 0.025108 8049
60176.911291 2241604713.000000 0.020726 8049
60176.911302 2241604712.000000 0.020557 8049
60176.911314 2241604710.000000 0.026148 8049
60176.911325 2241604709.000000 0.024787 8049
60176.911337 2241604707.000000 0.019605 8049
60176.911348 2241604706.000000 0.019815 8049
60176.911360 2241604704.000000 0.021036 8049
60176.911372 2241604703.000000 0.026556 8049
60176.911383 2241604701.000000 0.030616 8049
60176.911395 2241604700.000000 0.020371 8049
60176.911406 2241604698.000000 0.024431 8049
60176.911418 2241604697.000000 0.020139 8049
60176.911429 2241604695.000000 0.034912 8049
60176.911441 2241604693.000000 0.026126 8049
60176.911453 2241604692.000000 0.025459 8049
60176.911464 2241604690.000000 0.020599 8049
60176.911476 2241604688.000000 0.023358 8049
60176.911487 2241604687.000000 0.022828 8049
60176.911499 2241604685.000000 0.025812 8049
60176.911510 2241604684.000000 0.030356 8049
60176.911522 2241604682.000000 0.027141 8049
60176.911534 2241604681.000000 0.016664 8049
60176.911545 2241604679.000000 0.028741 8049
60176.911557 2241604678.000000 0.022878 8049
60176.911568 2241604676.000000 0.022890 8049
60176.911580 2241604674.000000 0.025569 8049
60176.911591 2241604672.000000 0.025097 8049
60176.911603 2241604671.000000 0.031355 8049
60176.911615 2241604669.000000 0.020215 8049
60176.911626 2241604668.000000 0.023251 8049
60176.911638 2241604666.000000 0.023295 8049
60176.911649 2241604664.000000 0.032994 8049
60176.911661 2241604663.000000 0.028623 8049
60176.911672 2241604661.000000 0.029406 8049
60176.911684 2241604659.000000 0.019575 8049
60176.911696 2241604658.000000 0.028260 8049
60176.911707 2241604656.000000 0.025655 8049
60176.911719 2241604654.000000 0.022734 8049
60176.911730 2241604653.000000 0.018983 8049
60176.911742 2241604651.000000 0.024820 8049
60176.911753 2241604649.000000 0.019143 8049
60176.911765 2241604648.000000 0.020598 8049
60176.911777 2241604645.000000 0.028471 8049
60176.911788 2241604644.000000 0.018248 8049
60176.911800 2241604642.000000 0.026136 8049
60176.911811 2241604641.000000 0.016917 8049
60176.911823 2241604639.000000 0.019566 8049
60176.911834 2241604637.000000 0.019764 8049
60176.911846 2241604635.000000 0.020158 8049
60176.911858 2241604633.000000 0.015386 8049
60176.911869 2241604632.000000 0.019557 8049
60176.911881 2241604630.000000 0.024967 8049
60176.911892 2241604628.000000 0.026923 8049
60176.911904 2241604626.000000 0.015831 8049
60176.911916 2241604625.000000 0.016857 8049
60176.911927 2241604623.000000 0.020562 8049
60176.911939 2241604621.000000 0.018515 8049
60176.911950 2241604619.000000 0.026032 8049
60176.911962 2241604617.000000 0.020937 8049
60176.911973 2241604615.000000 0.027659 8049
60176.911985 2241604613.000000 0.022532 8049
60176.911997 2241604612.000000 0.015437 8049
60176.912008 2241604610.000000 0.023824 8049
60176.912020 2241604608.000000 0.019406 8049
60176.912031 2241604607.000000 0.016195 8049
60176.912043 2241604604.000000 0.010440 8049
60176.912054 2241604603.000000 0.015264 8049
60176.912066 2241604601.000000 0.011202 8049
60176.912078 2241604599.000000 0.016198 8049
60176.912089 2241604597.000000 0.016994 8049
60176.912101 2241604595.000000 0.016607 8049
60176.912112 2241604593.000000 0.014526 8049
60176.912124 2241604591.000000 0.016631 8049
60176.912135 2241604589.000000 0.018371 8049
60176.912147 2241604587.000000 0.012285 8049
60176.912159 2241604585.000000 0.017299 8049
60176.912170 2241604584.000000 0.013385 8049
60176.912182 2241604582.000000 0.010556 8049
60176.912193 2241604580.000000 0.012975 8049
60176.912205 2241604578.000000 0.011493 8049
60176.912216 2241604576.000000 0.016076 8049
60176.912228 2241604574.000000 0.009684 8049
60176.912240 2241604572.000000 0.014667 8049
60176.912251 2241604570.000000 0.025197 8049
60176.912263 2241604568.000000 0.017208 8049
60176.912274 2241604566.000000 0.016938 8049
60176.912286 2241604564.000000 0.012601 8049
60176.912297 2241604562.000000 0.014689 8049
60176.912309 2241604560.000000 0.019291 8049
60176.912321 2241604558.000000 0.020573 8049
60176.912332 2241604556.000000 0.012762 8049
60176.912344 2241604554.000000 0.017488 8049
60176.912355 2241604552.000000 0.017728 8049
60176.912367 2241604550.000000 0.023324 8049
60176.912378 2241604548.000000 0.014044 8049
60176.912390 2241604546.000000 0.014821 8049
60176.912402 2241604544.000000 0.020979 8049
60176.912413 2241604542.000000 0.012461 8049
60176.912425 2241604540.000000 0.012527 8049
60176.912436 2241604538.000000 0.015429 8049
60176.912448 2241604535.000000 0.013355 8049
60176.912459 2241604534.000000 0.013841 8049
60176.912471 2241604532.000000 0.016081 8049
60176.912483 2241604529.000000 0.012412 8049
60176.912494 2241604527.000000 0.013425 8049
60176.912506 2241604526.000000 0.015116 8049
60176.912517 2241604524.000000 0.019942 8049
60176.912529 2241604523.000000 0.018239 8049
60176.912541 2241604521.000000 0.013374 8049
60176.912552 2241604519.000000 0.019859 8049
60176.912564 2241604518.000000 0.016455 8049
60176.912575 2241604516.000000 0.026806 8049
60176.912587 2241604514.000000 0.016191 8049
60176.912598 2241604513.000000 0.020457 8049
60176.912610 2241604511.000000 0.013969 8049
60176.912622 2241604510.000000 0.017394 8049
60176.912633 2241604508.000000 0.015784 8049
60176.912645 2241604506.000000 0.025677 8049
60176.912656 2241604504.000000 0.017835 8049
60176.912668 2241604503.000000 0.015038 8049
60176.912679 2241604501.000000 0.020684 8049
60176.912691 2241604500.000000 0.019910 8049
60176.912703 2241604498.000000 0.018007 8049
60176.912714 2241604496.000000 0.020834 8049
60176.912726 2241604494.000000 0.016876 8049
60176.912737 2241604493.000000 0.012606 8049
60176.912749 2241604491.000000 0.018701 8049
60176.912760 2241604489.000000 0.021635 8049
60176.912772 2241604488.000000 0.015397 8049
60176.912784 2241604486.000000 0.011391 8049
60176.912795 2241604484.000000 0.027776 8049
60176.912807 2241604482.000000 0.019136 8049
60176.912818 2241604481.000000 0.015801 8049
60176.912830 2241604479.000000 0.024541 8049
60176.912841 2241604477.000000 0.021387 8049
60176.912853 2241604475.000000 0.023368 8049
60176.912865 2241604473.000000 0.010348 8049
60176.912876 2241604472.000000 0.019572 8049
60176.912888 2241604470.000000 0.022471 8049
60176.912899 2241604468.000000 0.022202 8049
60176.912911 2241604466.000000 0.021401 8049
60176.912922 2241604464.000000 0.016293 8049
60176.912934 2241604462.000000 0.013645 8049
60176.912946 2241604461.000000 0.019079 8049
60176.912957 2241604459.000000 0.019538 8049
60176.912969 2241604457.000000 0.017401 8049
60176.912980 2241604455.000000 0.023057 8049
60176.912992 2241604453.000000 0.017905 8049
60176.913003 2241604451.000000 0.014255 8049
60176.913015 2241604450.000000 0.023560 8049
60176.913027 2241604448.000000 0.022874 8049
60176.913038 2241604446.000000 0.014981 8049
60176.913050 2241604444.000000 0.015693 8049
60176.913061 2241604442.000000 0.021806 8049
60176.913073 2241604440.000000 0.018265 8049
60176.913084 2241604438.000000 0.012821 8049
60176.913096 2241604437.000000 0.007919 8049
60176.913108 2241604435.000000 0.022102 8049
60176.913119 2241604433.000000 0.018817 8049
60176.913131 2241604431.000000 0.018374 8049
60176.913142 2241604429.000000 0.017606 8049
60176.913154 2241604427.000000 0.017967 8049
60176.913166 2241604425.000000 0.019518 8049
60176.913177 2241604423.000000 0.026591 8049
60176.913189 2241604421.000000 0.024643 8049
60176.913200 2241604419.000000 0.021278 8049
60176.913212 2241604417.000000 0.019059 8049
60176.913223 2241604415.000000 0.022719 8049
60176.913235 2241604413.000000 0.028965 8049
60176.913247 2241604411.000000 0.018614 8049
60176.913258 2241604409.000000 0.028664 8049
60176.913270 2241604407.000000 0.013799 8049
60176.913281 2241604405.000000 0.022908 8049
60176.913293 2241604403.000000 0.019772 8049
60176.913304 2241604401.000000 0.025818 8049
60176.913316 2241604400.000000 0.017661 8049
60176.913328 2241604397.000000 0.023389 8049
60176.913339 2241604395.000000 0.026725 8049
60176.913351 2241604393.000000 0.014327 8049
60176.913362 2241604391.000000 0.011682 8049
60176.913374 2241604390.000000 0.014109 8049
60176.913385 2241604387.000000 0.022628 8049
60176.913397 2241604385.000000 0.017060 8049
60176.913409 2241604383.000000 0.017093 8049
60176.913420 2241604381.000000 0.025846 8049
60176.913432 2241604379.000000 0.025840 8049
60176.913443 2241604377.000000 0.017544 8049
60176.913455 2241604375.000000 0.020743 8049
60176.913466 2241604373.000000 0.015972 8049
60176.913478 2241604371.000000 0.021922 8049
60176.913490 2241604369.000000 0.016080 8049
60176.913501 2241604367.000000 0.015401 8049
60176.913513 2241604364.000000 0.024206 8049
60176.913524 2241604362.000000 0.016784 8049
60176.913536 2241604361.000000 0.011982 8049
60176.913547 2241604358.000000 0.022162 8049
60176.913559 2241604356.000000 0.014103 8049
60176.913571 2241604354.000000 0.015672 8049
60176.913582 2241604352.000000 0.025159 8049
60176.913594 2241604350.000000 0.015308 8049
60176.913605 2241604347.000000 0.021733 8049
60176.913617 2241604345.000000 0.024608 8049
60176.913628 2241604343.000000 0.015691 8049
60176.913640 2241604341.000000 0.013408 8049
60176.913652 2241604339.000000 0.023700 8049
60176.913663 2241604337.000000 0.026918 8049
60176.913675 2241604335.000000 0.014744 8049
60176.913686 2241604332.000000 0.022234 8049
60176.913698 2241604330.000000 0.017694 8049
60176.913709 2241604328.000000 0.020795 8049
60176.913721 2241604326.000000 0.018743 8049
60176.913733 2241604324.000000 0.021469 8049
60176.913744 2241604321.000000 0.027453 8049
60176.913756 2241604319.000000 0.022643 8049
60176.913767 2241604317.000000 0.019806 8049
60176.913779 2241604315.000000 0.015016 8049
60176.913791 2241604312.000000 0.015853 8049
60176.913802 2241604310.000000 0.027681 8049
60176.913814 2241604308.000000 0.017964 8049
60176.913825 2241604305.000000 0.029073 8049
60176.913837 2241604303.000000 0.024715 8049
60176.913848 2241604301.000000 0.015273 8049
60176.913860 2241604299.000000 0.027302 8049
60176.913872 2241604297.000000 0.021696 8049
60176.913883 2241604294.000000 0.014172 8049
60176.913895 2241604292.000000 0.021476 8049
60176.913906 2241604290.000000 0.015139 8049
60176.913918 2241604287.000000 0.011540 8049
60176.913929 2241604285.000000 0.016552 8049
60176.913941 2241604283.000000 0.017523 8049
60176.913953 2241604280.000000 0.019610 8049
60176.913964 2241604278.000000 0.018372 8049
60176.913976 2241604276.000000 0.021853 8049
60176.913987 2241604273.000000 0.025807 8049
60176.913999 2241604271.000000 0.017031 8049
60176.914010 2241604269.000000 0.021896 8049
60176.914022 2241604267.000000 0.017463 8049
60176.914034 2241604264.000000 0.015590 8049
60176.914045 2241604262.000000 0.015966 8049
60176.914057 2241604260.000000 0.019543 8049
60176.914068 2241604257.000000 0.015873 8049
60176.914080 2241604255.000000 0.018532 8049
60176.914091 2241604252.000000 0.016390 8049
60176.914103 2241604250.000000 0.019391 8049
60176.914115 2241604248.000000 0.021497 8049
60176.914126 2241604245.000000 0.031822 8049
60176.914138 2241604243.000000 0.016396 8049
60176.914149 2241604240.000000 0.018428 8049
60176.914161 2241604238.000000 0.013926 8049
60176.914172 2241604235.000000 0.026863 8049
60176.914184 2241604233.000000 0.013438 8049
60176.914196 2241604231.000000 0.016387 8049
60176.914207 2241604229.000000 0.013822 8049
60176.914219 2241604226.000000 0.023282 8049
60176.914230 2241604223.000000 0.014816 8049
60176.914242 2241604221.000000 0.018139 8049
60176.914253 2241604218.000000 0.017461 8049
60176.914265 2241604216.000000 0.025980 8049
60176.914277 2241604214.000000 0.021494 8049
60176.914288 2241604211.000000 0.013902 8049
60176.914300 2241604209.000000 0.015979 8049
60176.914311 2241604206.000000 0.021705 8049
60176.914323 2241604203.000000 0.013331 8049
60176.914334 2241604201.000000 0.018877 8049
60176.914346 2241604198.000000 0.015314 8049
60176.914358 2241604196.000000 0.018833 8049
60176.914369 2241604193.000000 0.024798 8049
60176.914381 2241604191.000000 0.025441 8049
60176.914392 2241604188.000000 0.016965 8049
60176.914404 2241604186.000000 0.017095 8049
60176.914416 2241604183.000000 0.018503 8049
60176.914427 2241604181.000000 0.019830 8049
60176.914439 2241604179.000000 0.013233 8049
60176.914450 2241604176.000000 0.022059 8049
60176.914462 2241604173.000000 0.015423 8049
60176.914473 2241604170.000000 0.011780 8049
60176.914485 2241604168.000000 0.015804 8049
60176.914497 2241604166.000000 0.016167 8049
60176.914508 2241604164.000000 0.019537 8049
60176.914520 2241604162.000000 0.021778 8049
60176.914531 2241604160.000000 0.021115 8049
60176.914543 2241604158.000000 0.025066 8049
60176.914554 2241604156.000000 0.024542 8049
60176.914566 2241604154.000000 0.020138 8049
60176.914578 2241604152.000000 0.020273 8049
60176.914589 2241604149.000000 0.020828 8049
60176.914601 2241604147.000000 0.018147 8049
60176.914612 2241604145.000000 0.029698 8049
60176.914624 2241604143.000000 0.016582 8049
60176.914635 2241604141.000000 0.011927 8049
60176.914647 2241604138.000000 0.021093 8049
60176.914659 2241604136.000000 0.021148 8049
60176.914670 2241604134.000000 0.023664 8049
60176.914682 2241604132.000000 0.023677 8049
60176.914693 2241604130.000000 0.017432 8049
60176.914705 2241604128.000000 0.016676 8049
60176.914716 2241604125.000000 0.013224 8049
60176.914728 2241604123.000000 0.017813 8049
60176.914740 2241604121.000000 0.019639 8049
60176.914751 2241604119.000000 0.023346 8049
60176.914763 2241604116.000000 0.009933 8049
60176.914774 2241604114.000000 0.019623 8049
60176.914786 2241604112.000000 0.014601 8049
60176.914797 2241604110.000000 0.010298 8049
60176.914809 2241604107.000000 0.018519 8049
60176.914821 2241604105.000000 0.021669 8049
60176.914832 2241604103.000000 0.015039 8049
60176.914844 2241604101.000000 0.025523 8049
60176.914855 2241604098.000000 0.015082 8049
60176.914867 2241604096.000000 0.024962 8049
60176.914878 2241604094.000000 0.012477 8049
60176.914890 2241604092.000000 0.011858 8049
60176.914902 2241604090.000000 0.018519 8049
60176.914913 2241604087.000000 0.026852 8049
60176.914925 2241604085.000000 0.020325 8049
60176.914936 2241604083.000000 0.022439 8049
60176.914948 2241604080.000000 0.024657 8049
60176.914959 2241604078.000000 0.022747 8049
60176.914971 2241604076.000000 0.019868 8049
60176.914983 2241604073.000000 0.015106 8049
60176.914994 2241604071.000000 0.018831 8049
60176.915006 2241604069.000000 0.019484 8049
60176.915017 2241604066.000000 0.028634 8049
60176.915029 2241604064.000000 0.026150 8049
60176.915041 2241604062.000000 0.017581 8049
60176.915052 2241604059.000000 0.023512 8049
60176.915064 2241604057.000000 0.029483 8049
60176.915075 2241604054.000000 0.016022 8049
60176.915087 2241604052.000000 0.018252 8049
60176.915098 2241604050.000000 0.022219 8049
60176.915110 2241604047.000000 0.015002 8049
60176.915122 2241604045.000000 0.019362 8049
60176.915133 2241604042.000000 0.015509 8049
60176.915145 2241604040.000000 0.030946 8049
60176.915156 2241604038.000000 0.021529 8049
60176.915168 2241604035.000000 0.025915 8049
60176.915179 2241604033.000000 0.018201 8049
60176.915191 2241604031.000000 0.015729 8049
60176.915203 2241604028.000000 0.019224 8049
60176.915214 2241604026.000000 0.018280 8049
60176.915226 2241604023.000000 0.023033 8049
60176.915237 2241604021.000000 0.020094 8049
60176.915249 2241604018.000000 0.024008 8049
60176.915260 2241604016.000000 0.016697 8049
60176.915272 2241604013.000000 0.021758 8049
60176.915284 2241604011.000000 0.022781 8049
60176.915295 2241604008.000000 0.022522 8049
60176.915307 2241604006.000000 0.025459 8049
60176.915318 2241604003.000000 0.019302 8049
60176.915330 2241604001.000000 0.019708 8049
60176.915341 2241603999.000000 0.020885 8049
60176.915353 2241603996.000000 0.022881 8049
60176.915365 2241603993.000000 0.018429 8049
60176.915376 2241603991.000000 0.024225 8049
60176.915388 2241603989.000000 0.018618 8049
60176.915399 2241603986.000000 0.029391 8049
60176.915411 2241603983.000000 0.021875 8049
60176.915422 2241603981.000000 0.021375 8049
60176.915434 2241603978.000000 0.013303 8049
60176.915446 2241603976.000000 0.025502 8049
60176.915457 2241603973.000000 0.020096 8049
60176.915469 2241603971.000000 0.024922 8049
60176.915480 2241603969.000000 0.017849 8049
60176.915492 2241603966.000000 0.022411 8049
60176.915503 2241603963.000000 0.020845 8049
60176.915515 2241603961.000000 0.023538 8049
60176.915527 2241603958.000000 0.021330 8049
60176.915538 2241603955.000000 0.014652 8049
60176.915550 2241603953.000000 0.018556 8049
60176.915561 2241603950.000000 0.014022 8049
60176.915573 2241603948.000000 0.018400 8049
60176.915584 2241603945.000000 0.019839 8049
60176.915596 2241603943.000000 0.013318 8049
60176.915608 2241603940.000000 0.014809 8049
60176.915619 2241603937.000000 0.018943 8049
60176.915631 2241603934.000000 0.013094 8049
60176.915642 2241603932.000000 0.019858 8049
60176.915654 2241603929.000000 0.024121 8049
60176.915666 2241603926.000000 0.015000 8049
60176.915677 2241603924.000000 0.022374 8049
60176.915689 2241603921.000000 0.017292 8049
60176.915700 2241603919.000000 0.021908 8049
60176.915712 2241603916.000000 0.024460 8049
60176.915723 2241603914.000000 0.015347 8049
60176.915735 2241603911.000000 0.013938 8049
60176.915747 2241603908.000000 0.012167 8049
60176.915758 2241603905.000000 0.026691 8049
60176.915770 2241603903.000000 0.018618 8049
60176.915781 2241603900.000000 0.018912 8049
60176.915793 2241603897.000000 0.022627 8049
60176.915804 2241603895.000000 0.012571 8049
60176.915816 2241603892.000000 0.016679 8049
60176.915828 2241603889.000000 0.023906 8049
60176.915839 2241603886.000000 0.012667 8049
60176.915851 2241603884.000000 0.022028 8049
60176.915862 2241603881.000000 0.024926 8049
60176.915874 2241603878.000000 0.017258 8049
60176.915885 2241603876.000000 0.018679 8049
60176.915897 2241603873.000000 0.024247 8049
60176.915909 2241603870.000000 0.012409 8049
60176.915920 2241603867.000000 0.016948 8049
60176.915932 2241603864.000000 0.020166 8049
60176.915943 2241603862.000000 0.025608 8049
60176.915955 2241603859.000000 0.021620 8049
60176.915966 2241603856.000000 0.019713 8049
60176.915978 2241603853.000000 0.023570 8049
60176.915990 2241603851.000000 0.019058 8049
60176.916001 2241603848.000000 0.029760 8049
60176.916013 2241603845.000000 0.030516 8049
60176.916024 2241603842.000000 0.028996 8049
60176.916036 2241603840.000000 0.021176 8049
60176.916047 2241603837.000000 0.018631 8049
60176.916059 2241603834.000000 0.017465 8049
60176.916071 2241603831.000000 0.019432 8049
60176.916082 2241603829.000000 0.020560 8049
60176.916094 2241603826.000000 0.015533 8049
60176.916105 2241603823.000000 0.019283 8049
60176.916117 2241603820.000000 0.020256 8049
60176.916128 2241603817.000000 0.024922 8049
60176.916140 2241603814.000000 0.015892 8049
60176.916152 2241603811.000000 0.026841 8049
60176.916163 2241603808.000000 0.014909 8049
60176.916175 2241603806.000000 0.016176 8049
60176.916186 2241603803.000000 0.026548 8049
60176.916198 2241603800.000000 0.018442 8049
60176.916209 2241603797.000000 0.011130 8049
60176.916221 2241603794.000000 0.015735 8049
60176.916233 2241603791.000000 0.018395 8049
60176.916244 2241603788.000000 0.016653 8049
60176.916256 2241603785.000000 0.017525 8049
60176.916267 2241603783.000000 0.023836 8049
60176.916279 2241603779.000000 0.013374 8049
60176.916291 2241603777.000000 0.012821 8049
60176.916302 2241603774.000000 0.017985 8049
60176.916314 2241603771.000000 0.017749 8049
60176.916325 2241603768.000000 0.018865 8049
60176.916337 2241603765.000000 0.017868 8049
60176.916348 2241603762.000000 0.015772 8049
60176.916360 2241603759.000000 0.022441 8049
60176.916372 2241603756.000000 0.014060 8049
60176.916383 2241603753.000000 0.016364 8049
60176.916395 2241603750.000000 0.021539 8049
60176.916406 2241603747.000000 0.019338 8049
60176.916418 2241603744.000000 0.017122 8049
60176.916429 2241603741.000000 0.014301 8049
60176.916441 2241603738.000000 0.017456 8049
60176.916453 2241603735.000000 0.020085 8049
60176.916464 2241603732.000000 0.015168 8049
60176.916476 2241603729.000000 0.008978 8049
60176.916487 2241603726.000000 0.016125 8049
60176.916499 2241603723.000000 0.016593 8049
60176.916510 2241603721.000000 0.015675 8049
60176.916522 2241603717.000000 0.010729 8049
60176.916534 2241603714.000000 0.014221 8049
60176.916545 2241603711.000000 0.022178 8049
60176.916557 2241603708.000000 0.017482 8049
60176.916568 2241603706.000000 0.019847 8049
60176.916580 2241603703.000000 0.012932 8049
60176.916591 2241603701.000000 0.021491 8049
60176.916603 2241603698.000000 0.016330 8049
60176.916615 2241603696.000000 0.016028 8049
60176.916626 2241603693.000000 0.015951 8049
60176.916638 2241603691.000000 0.016612 8049
60176.916649 2241603688.000000 0.021364 8049
60176.916661 2241603685.000000 0.024394 8049
