2460177.395833333 *m  3.9660414597E+05  -0.1705403
2460177.396527778 *m  3.9659394572E+05  -0.1694422
2460177.397222222 *m  3.9658381144E+05  -0.1683417
2460177.397916667 *m  3.9657374326E+05  -0.1672386
2460177.398611111 *m  3.9656374136E+05  -0.1661331
2460177.399305556 *m  3.9655380586E+05  -0.1650251
2460177.400000000 *m  3.9654393692E+05  -0.1639147
2460177.400694444 *m  3.9653413469E+05  -0.1628018
2460177.401388889 *m  3.9652439930E+05  -0.1616866
2460177.402083333 *m  3.9651473090E+05  -0.1605690
2460177.402777778 *m  3.9650512963E+05  -0.1594490
2460177.403472222 *m  3.9649559564E+05  -0.1583267
2460177.404166667 *m  3.9648612906E+05  -0.1572021
2460177.404861111 *m  3.9647673003E+05  -0.1560752
2460177.405555556 *m  3.9646739869E+05  -0.1549460
2460177.406250000 *m  3.9645813517E+05  -0.1538146
2460177.406944444 *m  3.9644893961E+05  -0.1526809
2460177.407638889 *m  3.9643981215E+05  -0.1515451
2460177.408333333 *m  3.9643075290E+05  -0.1504070
2460177.409027778 *m  3.9642176200E+05  -0.1492668
2460177.409722222 *m  3.9641283959E+05  -0.1481244
2460177.410416667 *m  3.9640398579E+05  -0.1469799
2460177.411111111 *m  3.9639520073E+05  -0.1458334
2460177.411805556 *m  3.9638648453E+05  -0.1446847
2460177.412500000 *m  3.9637783732E+05  -0.1435340
2460177.413194444 *m  3.9636925921E+05  -0.1423812
2460177.413888889 *m  3.9636075034E+05  -0.1412264
2460177.414583333 *m  3.9635231082E+05  -0.1400696
2460177.415277778 *m  3.9634394077E+05  -0.1389109
2460177.415972222 *m  3.9633564031E+05  -0.1377502
2460177.416666667 *m  3.9632740955E+05  -0.1365876