2460177.395833333 *m  3.9529508391E+05  -0.1675092
2460177.396527778 *m  3.9528507640E+05  -0.1660493
2460177.397222222 *m  3.9527515656E+05  -0.1645870
2460177.397916667 *m  3.9526532454E+05  -0.1631222
2460177.398611111 *m  3.9525558048E+05  -0.1616551
2460177.399305556 *m  3.9524592454E+05  -0.1601855
2460177.400000000 *m  3.9523635684E+05  -0.1587137
2460177.400694444 *m  3.9522687753E+05  -0.1572395
2460177.401388889 *m  3.9521748675E+05  -0.1557630
2460177.402083333 *m  3.9520818463E+05  -0.1542843
2460177.402777778 *m  3.9519897130E+05  -0.1528033
2460177.403472222 *m  3.9518984691E+05  -0.1513202
2460177.404166667 *m  3.9518081157E+05  -0.1498349
2460177.404861111 *m  3.9517186543E+05  -0.1483474
2460177.405555556 *m  3.9516300860E+05  -0.1468578
2460177.406250000 *m  3.9515424122E+05  -0.1453662
2460177.406944444 *m  3.9514556341E+05  -0.1438724
2460177.407638889 *m  3.9513697529E+05  -0.1423767
2460177.408333333 *m  3.9512847698E+05  -0.1408789
2460177.409027778 *m  3.9512006860E+05  -0.1393792
2460177.409722222 *m  3.9511175028E+05  -0.1378775
2460177.410416667 *m  3.9510352212E+05  -0.1363738
2460177.411111111 *m  3.9509538423E+05  -0.1348683
2460177.411805556 *m  3.9508733675E+05  -0.1333610
2460177.412500000 *m  3.9507937976E+05  -0.1318518
2460177.413194444 *m  3.9507151340E+05  -0.1303408
2460177.413888889 *m  3.9506373775E+05  -0.1288280
2460177.414583333 *m  3.9505605292E+05  -0.1273134
2460177.415277778 *m  3.9504845903E+05  -0.1257972
2460177.415972222 *m  3.9504095618E+05  -0.1242792
2460177.416666667 *m  3.9503354445E+05  -0.1227596